1845.0
1443.6
3257.0
0.2
779.0
1923.0
0.2
1742.0
1821.0
0.2
1455.1
1177.8
12.9
0.2
77.2
0.2
0.2
3268.5
1437.1
0.2
2259.5
0.2
30.7
0.2
0.2
0.2
0.0
0.2
1611.9
0.2
0.2
0.2
0.2
0.2
99.4
0.2
0.2
0.2
0.2
0.2
3419.5
1419.8
0.2
0.2
0.2
809.5
0.0
0.2
2563.8
2519.1
1506.1
30.9
375.0
3417.3
753.3
1417.3
3371.5
0.2
0.2
0.2
289.8
0.2
0.2
0.4
0.2
2410.5
0.2
0.2
0.2
11.1
3419.5
0.2
3398.4
3419.5
0.2
212.4
2600.5
0.2
772.4
225.7
0.2
384.7
0.2
0.2
3045.9
0.2
3419.5
519.7
0.0
3412.9
0.2
771.7
656.7
1515.4
239.3
3394.2
2706.1
205.3
0.2
0.2
504.4
3031.5
0.2
0.2
0.0
3.3
0.2
2375.8
870.0
0.2
19.1
0.4
0.2
802.4
66.5
567.6
1380.0
0.2
0.0
0.2
2.0
186.1
0.2
128.8
3.3
2088.7
1498.3
0.2
2430.5
1317.9
0.2
0.2
3419.5
3419.5
142.1
1725.3
1199.6
1241.9
0.0
0.2
0.2
116.5
0.0
0.2
0.2
255.5
0.2
1047.7
0.2
0.2
3192.7
3419.5
0.2
182.6
3419.5
460.6
0.4
1493.8
0.2
536.4
5.3
0.0
15.8
0.2
0.2
31.4
0.2
273.1
0.2
0.2
0.2
629.4
0.2
0.2
0.2
3178.0
645.4
0.2
103.9
0.2
0.2
315.1
0.2
405.6
3419.5
337.2
0.2
959.9
0.4
1757.6
0.2
294.9
0.2
0.2
0.2
0.2
0.2
0.2
0.2
0.2
3314.6
0.2
0.2
0.2
0.2
0.2
524.9
2109.6
0.0
61.4
3419.5
390.1
0.2
2330.0
0.2
526.0
1600.8
2.9
3419.5
810.6
2345.4
325.4
3203.1
2019.6
0.2
2138.1
0.2
0.2
25.6
150.6
0.2
0.0
52.5
3372.4
410.8
0.2
0.0
195.9
0.2
0.2
3374.2
8.7
0.2
0.2
17.6
0.2
0.2
252.4
0.2
0.2
0.2
339.4
230.2
224.2
0.2
598.9
0.2
3419.5
0.2
539.8
0.2
0.0
0.4
3419.5
26.5
1261.4
0.2
0.2
0.2
359.8
2142.8
2395.4
0.2
0.0
0.0
2278.2
0.2
0.0
8.7
905.6
0.0
0.2
0.2
48.9
1841.9
1468.9
0.2
95.6
474.8
1160.0
0.2
327.6
308.7
13.6
0.0
1363.3
826.4
0.2
72.5
3142.9
0.2
1302.6
624.3
0.0
0.2
0.2
579.3
0.2
0.2
0.2
2813.1
0.2
1.1
0.2
10.0
3110.9
2982.5
0.2
360.9
2288.4
0.2
386.1
3419.5
0.2
0.2
159.9
134.3
3419.5
0.2
0.2
0.2
1466.9
0.2
3419.5
543.5
1548.1
0.2
64.3
70.7
0.2
87.6
81.2
734.6
0.2
0.2
0.2
652.1
1983.8
0.2
0.2
0.2
193.9
0.2
320.5
1426.0
0.2
0.2
2133.9
3071.0
0.2
68.3
1030.4
0.2
582.5
0.0
0.2
0.7
2609.1
468.8
0.2
0.2
0.2
11.6
241.3
1424.7
2543.3
842.4
337.2
0.2
3108.4
188.4
114.3
660.1
0.2
0.2
0.2
0.2
0.2
1558.8
0.2
885.4
0.2
53.2
0.2
393.2
3419.5
0.2
0.2
0.2
0.2
342.3
66.7
0.2
0.2
6.9
0.2
0.2
783.7
747.2
0.2
405.0
3419.5
0.2
0.2
119.0
0.2
1655.1
0.2
0.2
0.2
1425.5
36.7
3419.5
0.2
0.2
0.2
99.9
0.2
0.0
2721.2
94.7
0.0
0.2
0.2
0.2
0.2
0.0
229.3
2426.3
0.2
461.2
1826.7
0.2
1189.8
3419.5
3419.5
0.2
3192.0
3419.5
0.2
2753.9
0.2
1956.2
0.2
0.2
793.1
0.2
181.7
0.2
0.2
0.2
1253.6
139.7
2464.1
0.2
10.9
0.2
0.2
42.9
925.4
3419.5
0.0
0.2
0.2
446.1
0.2
800.8
600.0
0.2
0.2
3419.5
0.0
0.2
26.2
0.2
1357.9
47.8
0.2
352.5
729.0
0.2
492.2
0.2
0.2
3419.5
18.0
771.7
152.3
132.3
0.2
0.2
3419.5
0.2
0.2
2124.8
0.2
0.2
17.1
1867.7
0.2
2653.6
1635.7
874.5
18.7
0.2
11.1
830.2
0.2
36.9
0.2
0.2
0.0
0.0
3419.5
40.9
174.6
0.0
2456.3
3419.5
727.9
0.2
0.2
0.2
420.1
2903.8
0.0
0.2
0.0
21.1
83.8
194.8
0.0
55.2
0.2
0.2
0.2
0.2
814.6
40.7
1308.6
0.2
3419.5
0.2
271.5
2827.1
1136.9
0.2
557.3
208.8
905.1
0.2
774.8
320.7
3419.5
0.0
530.6
0.0
1930.8
288.2
2866.4
2094.3
11.3
503.1
1820.3
0.2
2488.6
0.2
407.2
0.2
0.2
0.2
1113.3
19.8
0.2
551.8
0.2
2608.9
410.3
1.3
0.2
0.0
836.0
2195.3
1957.7
0.2
805.7
512.8
0.0
21.6
3341.3
1188.3
2029.1
2467.7
0.2
3419.5
2971.9
3419.5
3130.6
0.2
0.9
0.2
29.6
2156.3
0.2
2422.8
115.2
0.2
3251.2
364.7
769.0
101.6
0.2
153.5
2482.8
0.2
1520.7
8.9
0.2
0.2
0.2
0.2
2212.8
1141.8
62.3
0.2
0.2
181.7
392.5
0.0
3419.5
515.5
3313.0
1961.7
3419.5
375.0
3419.5
0.2
0.2
0.0
0.2
1003.9
415.2
0.2
2602.7
469.7
549.3
0.2
0.2
0.2
485.3
0.2
0.2
3419.5
0.2
1792.3
1048.4
0.2
49.8
3419.5
0.2
1785.4
14.2
332.5
0.2
0.2
3328.8
2533.3
0.2
2066.5
0.2
269.1
118.8
173.7
0.2
3419.5
0.2
2987.4
3419.5
0.2
992.8
18.9
1.3
662.1
3419.5
41.6
1077.7
0.2
2276.9
0.2
28.0
0.2
780.2
109.4
0.2
1571.9
0.2
56.3
568.2
2793.1
1539.2
1009.7
23.1
0.2
0.2
0.2
0.7
257.3
1918.2
1526.1
1950.0
0.2
0.2
2345.6
867.1
547.8
0.2
40.9
0.2
78.5
0.2
1056.8
0.2
0.2
0.2
935.6
0.2
0.2
279.1
0.2
461.9
0.2
2939.8
0.2
1080.6
0.2
0.2
0.2
37.4
1159.8
123.0
0.0
0.2
0.2
812.2
155.2
2371.6
0.0
245.7
3419.5
1094.4
0.2
337.6
0.2
1539.2
574.4
3419.5
3244.5
1185.6
0.2
0.2
4.0
3325.9
238.4
2751.5
0.2
0.2
0.2
0.2
0.2
2870.4
0.0
0.2
1153.8
2181.2
3025.9
0.0
1449.3
1715.8
0.0
1160.9
1983.1
1921.9
2428.5
1440.4
0.2
0.2
0.2
1232.7
0.2
0.2
0.2
0.2
0.2
0.2
0.2
697.4
0.2
0.2
3404.9
2678.3
0.2
0.2
0.2
43.1
0.2
1152.4
0.2
237.5
0.2
2291.6
0.2
0.0
0.2
0.0
0.2
360.1
2401.2
598.5
0.2
0.2
0.2
806.2
0.2
35.1
0.2
2239.5
0.2
0.2
0.4
0.2
378.7
3209.4
0.9
0.2
482.2
0.2
767.3
0.2
0.2
1127.5
1496.7
1543.0
2707.7
0.2
0.2
0.2
0.2
394.5
0.0
0.2
0.2
38.9
0.2
147.0
0.2
0.2
0.2
2412.3
0.2
3419.5
73.2
3418.9
0.2
166.8
316.7
0.2
0.2
0.2
0.2
58.7
3419.5
570.7
113.9
749.7
0.2
0.2
0.2
2364.9
3367.3
1677.1
2801.1
0.2
0.2
0.2
0.2
1276.1
0.2
0.2
0.2
0.2
0.2
2183.5
0.2
0.2
3419.5
0.2
0.2
0.2
0.2
0.2
2278.9
3419.5
1921.5
0.2
0.0
196.4
151.5
3351.9
0.2
0.2
0.2
0.2
0.2
469.7
19.8
302.0
3419.5
0.2
27.4
512.8
0.2
176.4
637.4
0.2
169.9
0.0
0.2
361.8
0.0
1106.2
0.2
0.2
0.0
0.2
0.2
3184.7
2962.5
2831.7
0.0
332.5
1063.7
443.2
2563.3
0.2
44.5
0.2
0.2
3419.5
2438.8
1024.6
0.2
0.0
552.0
3419.5
2115.0
3419.5
1664.4
0.2
0.2
0.2
371.2
1397.7
2997.4
565.1
0.2
74.3
230.4
0.2
0.2
0.2
0.2
0.2
2803.5
0.2
0.2
2473.9
339.4
0.2
1079.5
0.2
1818.1
636.7
2843.5
413.0
0.2
21.1
63.4
3386.0
868.7
470.1
24.2
2418.1
545.8
0.2
132.3
616.9
0.2
0.2
0.2
486.2
0.7
0.2
230.4
0.2
3315.0
1232.1
4.0
1666.0
888.2
1232.7
0.2
1496.5
0.2
390.7
0.0
0.0
0.2
2127.9
575.3
423.7
3419.5
0.2
0.0
0.2
26.5
0.2
0.2
1354.4
0.2
0.0
2415.2
20.9
0.0
0.2
3419.5
2523.5
0.0
2793.3
0.2
3419.5
0.2
0.2
0.2
0.2
0.2
14.0
0.2
3419.5
0.2
0.2
0.2
0.0
400.1
335.6
0.2
0.2
510.0
0.0
0.2
652.7
1885.7
1770.7
0.2
3026.3
3224.9
88.5
349.8
0.2
0.2
3418.6
3418.4
0.2
0.0
2267.1
83.4
0.2
1073.9
0.2
0.2
1593.0
1062.4
0.2
0.2
177.9
57.2
208.2
0.2
1525.6
2343.6
3419.5
0.0
0.2
0.2
2911.1
0.2
0.2
0.2
2507.5
0.2
0.2
0.2
0.2
441.0
0.0
0.2
3167.8
3419.5
0.2
0.2
0.0
466.6
431.7
0.2
0.2
186.1
0.2
0.2
171.0
1435.3
0.2
244.4
0.2
3419.5
628.7
0.2
123.0
0.2
1554.8
92.5
0.2
1610.6
0.2
0.0
0.2
0.0
0.2
688.1
103.6
0.2
166.1
0.0
74.1
2946.5
0.2
0.2
0.2
3177.8
0.2
411.7
313.4
0.2
0.2
0.2
0.2
0.2
3419.5
3419.5
207.5
0.2
0.2
0.2
0.2
125.2
0.2
2481.9
12.9
0.2
0.2
0.2
0.2
0.2
2.7
1329.5
0.2
0.2
0.2
147.4
3419.5
0.2
0.2
3419.5
121.0
164.6
0.2
0.2
102.3
0.2
1117.1
0.2
811.3
3407.8
330.7
498.8
64.9
165.7
0.2
0.2
3414.0
1513.4
0.0
3419.5
1214.3
3419.5
555.3
3243.2
0.0
0.2
883.8
3412.9
0.2
1869.0
610.5
0.2
0.2
41.4
47.8
0.2
0.2
0.2
3419.5
454.6
0.2
0.2
0.2
0.2
1450.9
2.0
0.0
88.7
0.2
0.2
0.2
0.2
1316.8
0.2
1259.9
666.7
0.2
3419.5
532.4
0.2
386.3
338.0
0.2
0.2
0.2
0.2
0.2
0.2
0.2
0.2
1221.4
499.5
750.1
5.3
0.2
0.2
3419.5
0.2
1756.5
2551.3
0.2
678.5
328.7
0.2
2838.2
0.2
0.2
0.2
1408.9
2778.8
68.1
0.2
12.7
288.7
1815.4
118.3
539.3
0.2
0.2
1884.1
3419.5
2304.9
0.2
1754.0
0.2
0.2
0.2
0.2
596.0
0.2
0.2
790.8
0.2
2395.2
1336.8
2995.2
0.0
0.2
0.2
0.2
0.2
53.2
3030.3
0.2
1645.5
0.2
1094.2
331.1
0.0
37.6
3419.5
0.2
618.3
3316.8
65.6
3025.2
443.0
3419.5
571.1
75.8
0.2
0.2
0.2
13.8
0.2
1250.5
0.2
849.8
2378.3
0.2
964.7
0.7
0.2
0.2
60.3
3419.5
3419.5
0.0
2297.1
3419.5
0.2
867.6
794.4
91.8
1125.5
0.2
0.2
0.7
6.0
824.6
0.2
1686.0
0.2
12.9
3419.5
0.2
2968.1
1717.1
1262.3
2171.0
64.0
0.0
269.3
1134.2
1885.2
136.1
1446.2
2455.0
3269.0
0.0
888.7
0.2
0.2
1254.5
0.2
0.0
38.7
3206.5
0.2
0.2
53.4
0.2
0.2
0.2
3397.7
884.2
532.4
3419.5
20.7
224.0
1354.8
325.6
1855.7
3195.8
0.2
83.2
364.3
0.2
2866.0
0.2
0.2
0.0
0.0
0.2
625.2
0.2
2991.0
93.4
0.0
0.2
43.8
0.2
0.2
845.8
1687.5
250.2
0.2
0.2
265.1
0.2
0.0
0.2
0.2
118.5
0.2
0.0
0.2
1856.8
3419.5
0.2
0.0
0.2
1282.8
629.2
245.5
0.2
0.0
281.6
0.2
1092.6
3366.6
3093.1
4.4
0.2
2203.3
2323.4
0.2
3419.5
686.5
1983.3
1360.6
1024.3
51.8
0.2
984.5
155.7
362.5
133.7
0.2
51.4
0.2
279.3
810.4
0.2
1.6
0.2
987.2
2683.9
0.2
0.0
114.3
32.2
0.0
930.9
0.2
58.7
3419.5
0.2
998.1
0.2
0.2
0.2
3390.0
0.2
0.2
0.2
0.2
2135.9
1996.4
1691.3
0.2
0.2
604.2
177.0
363.4
0.2
83.0
58.5
475.0
1657.3
1906.1
0.2
0.2
611.4
0.2
0.2
0.2
0.2
0.2
3418.6
201.5
0.2
2825.5
0.2
0.7
517.3
490.6
372.1
2371.2
0.2
25.8
94.7
1286.3
0.2
2402.8
0.2
0.0
20.9
0.2
0.2
0.2
0.2
0.2
2038.5
0.2
2150.1
1358.4
0.2
0.0
2107.2
2947.6
3419.5
0.2
0.2
118.3
255.1
0.2
549.5
0.2
0.0
0.2
2710.8
0.0
2164.6
3419.5
0.0
1379.5
0.2
0.2
304.0
3275.2
0.2
191.9
0.2
1170.5
294.2
169.9
0.2
0.2
0.2
803.7
68.9
0.2
0.2
0.0
3419.5
0.2
316.2
1068.8
0.2
0.2
0.2
1852.5
0.2
0.2
0.2
1468.5
0.2
0.2
0.2
0.2
1703.1
0.2
0.2
3419.5
0.2
0.2
2346.5
1572.6
1733.1
0.2
806.6
246.6
0.2
0.2
0.2
0.2
0.2
2805.7
0.2
0.2
225.7
0.2
0.2
1996.9
0.2
0.2
225.1
920.5
941.6
2305.1
0.2
931.8
2100.5
0.0
265.5
0.2
3244.1
1726.0
2008.0
12.0
1127.3
833.3
2315.3
0.2
0.0
3419.5
0.2
0.2
34.2
0.2
0.0
1668.0
56.9
3419.5
1801.8
0.2
466.4
0.2
3419.5
305.6
0.2
0.2
0.2
0.2
2149.4
0.2
0.2
0.2
0.2
137.2
0.2
447.9
0.2
0.2
0.2
1523.2
2508.2
1778.0
0.2
0.2
0.2
3409.5
0.2
317.8
0.2
539.3
0.0
3298.6
0.2
0.2
0.0
0.0
0.2
0.0
0.2
3359.7
0.2
299.8
4.4
1043.3
0.2
0.2
248.6
43.1
840.0
311.6
1576.8
0.2
508.4
0.2
941.8
0.2
397.0
846.9
0.2
70.1
0.2
14.9
0.2
0.2
623.4
0.2
227.5
3419.5
383.2
0.0
862.0
584.7
3419.5
0.2
0.0
0.2
0.2
113.0
0.2
599.6
0.2
31.6
3260.5
3418.9
1700.0
943.0
3419.5
3409.5
0.2
0.2
0.2
0.2
0.2
2.9
0.2
0.2
0.2
0.2
3361.9
0.2
0.2
0.2
0.2
296.2
82.1
0.2
174.6
2715.7
3081.9
3386.0
0.2
3419.5
65.4
25.8
0.0
0.2
214.6
0.2
1728.5
0.2
0.0
43.8
0.2
0.2
3419.5
0.2
0.2
24.0
518.2
3375.9
0.2
1271.2
8.5
0.2
0.2
107.9
0.2
292.4
0.2
0.2
946.3
0.2
181.5
375.0
1802.1
0.2
0.0
2739.5
3419.5
631.6
0.2
0.2
0.2
1046.4
0.2
0.2
534.2
1054.1
2680.3
0.2
0.2
131.9
1690.9
3419.5
1130.4
0.2
0.2
0.2
208.8
1439.1
0.0
225.7
0.2
1295.7
1220.7
0.2
1595.0
0.0
3407.5
0.2
1734.7
3419.5
0.2
936.7
0.2
0.2
264.9
3419.5
432.1
0.2
1529.4
0.2
3419.5
1690.6
22.0
0.0
0.2
48.5
0.0
3161.6
282.0
370.3
1394.0
405.6
0.2
0.2
0.2
129.9
0.2
34.9
1033.2
697.7
613.1
1333.7
0.2
0.2
0.2
0.2
0.0
0.2
0.2
0.2
817.5
105.0
3033.2
0.2
483.9
0.2
0.9
0.2
1367.7
111.4
1467.6
3419.5
1968.9
0.2
2831.5
0.2
105.6
0.2
0.2
0.2
3232.9
235.7
2481.3
1409.5
0.2
1473.6
0.2
2112.7
462.1
3395.5
644.1
0.2
0.2
0.2
0.2
0.2
687.6
0.2
68.7
561.5
413.9
828.4
0.0
0.2
0.2
2818.2
0.2
1323.2
3300.8
0.2
0.2
0.2
0.2
3397.3
3344.8
0.2
240.9
0.2
76.7
2064.7
0.2
565.3
0.0
0.2
0.2
0.2
2340.9
552.9
459.7
3166.0
0.2
997.7
680.3
2095.4
1054.6
6.9
0.2
0.0
1019.2
0.2
1725.3
0.0
0.2
20.0
3419.5
2040.5
0.0
0.2
0.0
1267.6
0.2
437.7
0.2
872.9
0.2
0.2
2840.6
1730.2
0.2
1913.3
699.4
131.0
74.3
0.2
37.1
66.7
0.2
0.2
0.2
0.2
0.2
0.2
0.2
2657.2
0.2
0.2
0.2
2747.2
1848.8
0.2
3389.1
0.2
0.2
0.2
0.2
0.2
44.5
635.8
3419.5
1369.3
0.2
168.1
24.0
6.9
2.2
3419.5
1208.9
2582.2
311.8
0.0
380.3
0.2
0.2
0.2
0.2
0.2
0.2
0.0
0.2
0.2
1179.6
0.2
0.2
0.2
0.2
378.7
2969.2
599.1
58.9
0.2
0.2
616.9
401.2
3416.2
77.8
0.2
0.2
0.2
3419.5
3237.8
0.2
0.2
0.2
1648.6
3419.5
0.2
0.0
1816.7
248.4
0.2
0.2
34.5
24.5
88.7
0.0
0.2
1205.2
606.0
0.2
0.2
0.2
510.6
37.8
0.2
0.2
0.2
1068.6
1.1
109.6
3419.5
3055.7
194.2
0.2
234.2
3419.5
14.7
66.7
1705.8
0.2
0.2
0.2
0.2
3419.5
572.2
513.5
1792.5
0.2
1699.8
548.6
0.0
714.8
0.2
0.2
0.2
1.8
9.8
0.2
0.2
2838.6
0.0
1009.7
2640.7
2109.2
0.2
0.0
162.6
0.2
0.2
0.2
0.2
15.3
0.2
1424.9
3341.0
0.2
0.2
6.2
444.3
39.4
0.2
101.2
3418.2
0.2
912.9
0.2
26.2
0.0
1510.5
2060.7
3419.5
2181.0
0.2
0.2
0.2
0.2
3388.4
0.2
41.6
0.2
0.2
1815.6
429.9
0.2
13.3
3382.8
313.8
3419.5
3409.5
1807.0
39.8
152.1
339.2
207.0
996.1
1145.3
0.2
507.9
0.2
1160.9
0.2
0.2
3419.5
3384.2
0.2
0.0
0.2
192.1
984.1
3257.2
0.2
1211.6
3380.4
0.2
429.2
110.1
73.8
1096.8
0.7
1538.3
0.2
0.2
720.1
0.2
0.2
0.0
273.8
396.3
104.3
1605.5
3049.7
2462.1
38.3
806.8
0.2
0.2
1214.9
0.2
3073.9
186.6
150.6
2470.1
0.2
0.2
0.2
0.2
0.0
2652.5
509.5
1691.1
0.2
186.1
3419.5
0.2
0.2
0.2
3259.2
0.2
0.4
0.2
721.2
0.2
731.0
0.2
18.2
3410.4
0.2
256.9
0.2
217.3
0.2
0.2
1760.7
0.2
3419.5
1882.3
0.2
57.8
0.2
0.2
2449.0
2131.2
3392.2
2674.5
0.0
0.2
2260.2
963.9
149.4
1533.0
0.2
2122.1
320.0
0.2
0.0
31.4
0.2
735.2
2956.5
0.2
0.2
887.4
248.9
3174.7
3419.5
0.2
2236.4
859.6
0.2
0.2
0.2
465.7
0.2
3419.5
0.0
981.9
3140.4
3403.7
0.2
0.2
3419.5
1737.8
0.2
796.4
0.2
0.2
46.5
0.2
1890.1
0.2
0.2
0.0
4.9
7.8
0.2
2779.0
2895.6
0.0
0.0
0.2
0.2
0.2
0.0
0.2
127.0
380.3
3418.6
3419.5
364.5
2763.3
3407.5
1152.4
1067.7
0.2
0.9
0.2
0.2
21.8
2627.8
0.2
0.2
2509.9
0.2
0.2
3419.5
0.0
0.2
0.2
2316.9
0.0
0.2
0.2
3419.5
0.2
0.2
0.2
0.2
3419.5
1291.7
3419.5
518.4
3114.0
2988.5
0.2
1039.9
78.3
2354.3
0.4
0.4
652.7
0.2
0.2
3419.5
0.0
0.2
0.2
1110.2
32.7
0.2
245.3
1217.4
0.2
3419.5
485.5
0.0
791.9
2.4
0.0
170.8
1110.2
181.3
439.7
20.0
2175.7
883.8
0.2
0.2
3419.5
3335.5
2619.1
898.9
1655.9
0.0
0.2
0.2
17.6
1804.1
0.2
33.8
198.4
0.0
0.2
290.9
0.2
0.2
560.7
0.2
209.7
0.0
1518.1
0.2
0.0
0.2
52.0
23.1
2162.3
2362.5
0.2
0.2
1170.7
3.6
433.0
0.2
0.2
2100.3
867.3
0.2
1567.0
0.2
0.0
692.3
0.2
0.2
107.9
0.2
0.2
0.2
415.2
2479.7
2076.3
0.2
895.4
0.2
3401.3
726.6
1374.4
3413.1
1040.4
0.2
216.4
3419.5
0.2
74.1
274.2
1051.9
0.2
0.2
109.0
221.7
0.2
2042.9
597.1
0.0
0.2
1454.7
580.9
0.2
18.9
0.2
183.3
0.2
0.2
505.3
0.2
357.2
266.7
0.2
159.9
1076.8
2698.5
0.2
0.2
751.2
0.2
0.2
0.2
0.0
3170.0
0.2
7.3
0.2
1621.7
0.2
122.5
2067.4
417.2
37.1
0.2
1939.9
0.2
2504.6
383.0
0.2
688.5
0.2
1296.6
0.2
0.2
0.2
0.2
0.2
0.2
0.2
1.3
3419.5
883.1
0.0
0.2
1992.9
322.9
1206.9
1353.9
745.2
0.2
0.2
1625.0
0.2
743.2
2578.7
493.3
0.2
164.1
0.2
0.2
0.2
1694.6
0.0
0.2
704.1
3419.5
0.0
0.2
110.1
0.2
464.6
60.0
0.2
0.2
0.2
1420.7
1188.5
0.0
1873.9
3419.5
0.0
0.2
977.2
0.2
3262.3
0.2
0.2
285.8
2072.9
401.6
527.1
0.2
0.2
0.2
435.7
0.2
0.2
16.5
2569.8
0.0
40.0
1942.6
0.0
771.5
220.8
0.2
0.2
3419.5
0.2
3419.5
1520.5
0.2
974.8
0.2
0.0
0.0
0.2
1804.1
712.8
3419.5
0.2
357.8
0.2
3419.5
13.8
161.0
56.3
0.2
0.2
0.2
0.2
0.2
1631.9
0.2
0.0
0.2
2220.4
104.3
0.2
0.2
0.2
0.0
614.0
0.2
0.2
0.2
0.2
30.0
0.2
742.4
2869.6
0.7
112.5
2759.0
0.2
0.2
3361.3
0.2
28.2
0.2
3419.5
613.6
0.2
1204.7
3419.5
0.0
0.2
0.0
0.0
2973.2
3170.0
205.9
3034.8
1676.4
3419.5
0.0
330.9
1014.8
1942.2
455.9
836.2
3093.7
0.2
730.8
2783.5
0.2
0.0
1492.3
0.2
3419.5
3358.2
0.2
0.2
0.2
0.2
1279.9
0.2
0.2
0.2
0.2
1569.4
329.6
365.6
1049.9
0.2
61.6
0.2
0.2
1697.3
14.5
169.2
2356.7
0.2
115.0
0.2
28.7
39.1
488.8
393.4
0.2
0.2
0.2
3135.3
1692.4
1391.7
0.2
2770.4
12.9
346.9
1382.0
0.2
166.8
915.2
93.4
1607.9
911.6
0.2
2953.0
590.2
0.2
0.2
770.6
686.8
0.2
2639.8
3419.5
0.2
1432.0
43.1
0.2
0.2
0.2
0.2
0.2
0.0
0.2
312.2
0.2
0.2
1426.9
0.2
393.9
0.2
0.2
2605.8
238.0
0.2
153.0
1297.2
0.2
191.0
0.0
44.5
1834.1
3419.5
0.2
759.7
0.2
0.2
161.7
748.4
0.2
0.2
2931.8
1970.9
683.6
1029.0
3419.5
0.2
3419.5
0.2
0.2
1484.0
1337.3
0.2
459.7
0.2
0.2
1778.3
425.0
2828.6
3419.5
1387.5
383.2
0.2
0.2
0.2
3419.5
3218.3
0.2
98.3
0.2
0.2
836.9
3142.7
0.2
594.7
1.8
0.0
24.2
821.7
3347.0
1153.8
0.2
2142.8
0.2
0.2
644.1
0.2
805.5
290.7
0.2
0.2
0.2
0.2
3107.7
3264.1
168.1
0.2
3419.5
156.8
499.1
529.7
31.4
0.2
0.2
121.2
0.2
0.2
2375.6
0.2
0.2
0.2
24.7
0.2
2223.1
0.2
2584.0
978.1
0.2
1179.6
650.5
304.0
0.2
232.8
0.2
655.0
86.5
0.0
1095.5
0.0
0.2
318.9
3419.5
3160.4
2025.8
1522.1
3419.5
0.2
0.2
2251.1
3360.8
3419.5
3419.5
2084.1
0.0
3419.5
0.0
1135.5
0.2
473.5
0.2
3419.5
2263.1
79.8
825.3
0.2
0.2
0.2
0.2
0.2
3244.1
0.2
0.2
0.0
0.2
0.2
0.0
0.2
0.2
55.4
0.2
595.8
0.2
0.2
3240.1
337.4
0.2
0.2
3419.5
0.2
1361.7
2040.2
21.3
679.0
738.3
0.2
3419.5
2878.0
0.2
334.9
0.2
0.2
2274.0
204.6
604.0
3416.9
822.4
0.2
0.2
2061.4
0.2
0.2
1302.8
2280.2
131.4
0.2
0.2
0.2
3270.5
274.2
3419.5
569.1
0.2
16.2
1028.1
1195.8
0.0
15.1
0.2
0.0
575.1
3406.6
22.9
461.9
0.2
0.2
0.2
0.2
758.1
3383.1
0.2
275.5
0.2
362.1
0.0
25.1
2542.6
462.1
0.2
3419.5
0.2
0.2
0.2
2401.2
287.1
0.2
0.2
0.2
36.0
670.3
0.2
161.0
262.9
3419.5
0.2
0.2
869.6
0.2
605.6
44.7
0.2
194.8
336.5
0.2
25.8
0.2
0.2
3341.5
689.6
0.0
58.9
0.2
0.2
0.2
0.2
284.0
897.1
0.2
0.2
144.6
0.2
0.2
0.2
0.2
0.2
363.8
1948.4
0.2
1660.8
0.2
3046.1
28.5
0.2
351.4
34.5
95.2
0.0
3340.4
0.2
0.2
3388.8
0.2
0.2
0.0
0.2
494.2
0.2
0.2
0.2
268.0
1621.3
0.2
782.8
0.2
0.2
1075.1
1663.1
0.2
1032.4
0.2
3.8
171.9
0.2
1.3
20.0
0.2
773.9
544.9
0.2
13.6
0.2
256.6
1112.9
0.2
235.1
0.2
0.2
0.2
797.5
0.2
103.2
2908.9
216.8
0.2
0.2
0.0
0.2
0.0
0.2
0.2
302.2
3418.9
0.7
0.2
150.1
547.8
0.2
0.2
0.2
0.0
3419.5
0.0
0.2
0.2
0.0
257.5
2162.6
3131.3
0.2
0.2
1100.6
844.4
217.9
3.8
0.2
0.2
123.2
0.2
2118.5
0.2
0.2
0.2
0.2
104.7
2.0
46.3
0.2
354.3
0.2
0.2
506.2
0.2
2450.6
40.7
0.9
0.2
0.2
195.3
2013.6
611.1
0.2
1157.1
0.0
0.0
2262.2
467.0
195.7
0.2
16.5
5.3
3419.5
0.2
0.0
0.2
60.9
0.2
211.5
46.9
0.2
0.2
923.2
46.0
0.2
0.2
301.1
0.2
0.2
3.8
157.7
0.2
811.1
14.0
0.2
2442.6
3169.8
0.2
2289.8
0.2
17.6
3419.5
0.2
0.2
0.2
0.2
2148.1
3419.5
0.2
662.1
3261.2
3419.5
0.2
0.2
0.2
2145.4
246.0
0.0
219.7
0.2
952.7
0.2
23.1
1050.8
3419.5
1020.3
0.2
0.2
0.0
0.0
0.2
0.2
1834.3
0.2
2128.3
489.9
0.2
274.7
2759.7
85.6
0.2
1590.6
0.2
0.2
0.2
0.2
0.2
380.3
86.3
0.2
2093.0
2066.7
3419.5
0.2
419.4
798.0
0.2
89.6
0.2
558.4
0.2
3375.5
0.2
0.2
0.2
4.2
928.9
681.6
2004.9
0.2
18.7
0.2
0.0
0.2
3419.5
0.0
0.0
1873.2
0.2
0.2
20.0
459.9
0.0
2266.4
1745.8
666.1
789.5
745.5
637.2
0.2
2373.6
77.8
0.2
2085.6
0.2
0.2
31.4
307.8
712.8
1997.5
0.2
932.9
0.2
0.0
0.2
0.2
3358.8
3419.5
454.4
3419.5
124.5
0.2
61.8
2508.2
0.2
0.2
752.6
415.0
621.4
3297.9
0.2
0.2
0.2
77.8
0.2
73.8
2303.6
0.2
2817.3
581.1
1909.0
3214.0
3347.3
0.2
0.2
0.2
1923.7
0.2
0.2
16.7
0.2
0.2
0.2
0.2
3214.7
0.2
33.1
0.2
615.8
0.2
28.0
0.2
0.0
92.5
3419.5
24.7
1329.9
0.2
0.0
1480.9
3247.6
0.2
1146.0
455.5
2192.1
3406.9
1775.6
3419.5
0.2
0.0
701.9
0.2
368.1
2386.1
1728.2
775.0
2217.7
0.2
600.5
3415.3
0.2
0.2
0.2
0.2
2110.3
0.2
0.2
0.0
1519.4
0.2
0.2
0.2
0.2
0.2
168.4
248.9
0.0
1386.0
0.2
460.8
51.8
393.9
0.2
0.2
269.1
0.2
0.2
109.9
0.2
0.2
0.2
0.0
3419.5
1034.1
181.9
396.3
0.2
83.6
0.2
3419.5
0.4
0.2
2.4
0.2
261.8
0.2
1277.2
0.0
0.2
504.8
0.2
1569.9
3412.6
268.2
0.0
0.2
0.2
1549.9
0.2
610.9
2260.9
0.2
0.2
3419.5
0.2
0.2
0.2
2157.2
0.2
0.2
173.2
0.2
3419.5
61.6
0.2
708.3
0.2
88.7
0.2
0.2
1562.8
3419.5
0.2
0.2
902.7
10.9
0.2
0.2
1071.9
0.4
0.0
3419.5
0.2
0.2
0.2
3157.6
2543.7
3419.5
0.2
52.0
3419.5
71.4
0.2
0.2
0.2
23.1
0.2
0.2
0.2
542.6
0.2
0.2
3419.5
439.2
65.8
0.2
0.2
0.2
24.5
0.2
0.2
959.4
320.2
1560.1
219.1
0.2
0.0
2997.0
0.2
1141.6
3419.5
0.0
0.2
1491.4
0.2
80.5
1879.9
2054.3
0.2
0.2
74.1
2866.9
1273.2
956.5
0.2
0.2
1319.0
0.2
13.3
2184.1
3409.5
0.2
415.9
0.2
12.0
1994.0
0.2
1538.3
3419.5
3353.7
0.2
0.2
52.5
3255.6
0.2
368.5
0.2
117.2
0.2
126.1
3324.8
2735.9
0.2
527.1
1098.9
0.0
0.2
0.2
0.2
2718.8
1698.2
2932.7
1904.1
1477.1
0.2
3419.5
689.2
2822.9
0.0
276.7
122.8
544.9
0.2
352.5
0.2
326.3
0.2
1259.6
1.8
9.6
145.4
0.2
0.2
0.2
1986.4
3419.5
23.6
0.2
791.1
0.0
0.2
0.2
0.2
0.0
0.2
2592.7
0.2
0.2
3025.5
33.8
757.5
1548.8
3419.5
1946.2
8.0
0.0
30.7
0.2
961.0
0.2
0.2
891.4
0.2
0.2
0.2
0.2
439.2
282.4
248.6
568.0
0.0
0.2
0.2
0.2
114.5
0.2
0.2
1211.2
854.2
0.0
0.2
2004.9
1034.8
0.2
0.2
0.0
2910.5
0.0
0.2
0.2
3419.5
0.2
662.1
2067.2
616.3
210.6
807.7
0.2
29.4
0.2
0.2
2.9
0.2
0.2
3419.5
60.7
0.0
0.2
2305.3
191.5
0.2
150.1
1632.2
0.2
2535.5
0.2
862.9
0.2
0.2
1229.2
0.4
670.1
0.0
0.0
0.2
216.2
1725.1
14.7
33.8
0.2
0.0
2931.4
559.5
34.7
0.2
0.2
139.4
3419.5
0.2
3067.9
315.6
786.4
0.2
0.2
72.1
42.7
0.2
0.2
0.2
1700.2
0.2
1069.9
467.0
1.8
79.6
502.8
0.2
1977.3
0.2
0.2
717.9
0.2
0.2
0.0
0.2
3161.8
806.8
0.2
657.4
0.2
133.7
0.2
326.5
46.0
914.0
45.4
0.2
2467.5
0.2
3397.1
0.2
0.2
0.2
0.2
3419.5
0.0
1768.9
3419.5
0.2
0.2
0.2
0.2
905.4
0.2
235.1
349.8
0.2
1864.1
439.5
0.0
0.2
0.2
3419.5
0.0
2874.4
0.2
107.6
0.2
3419.5
726.3
0.2
0.2
1594.1
2430.3
443.0
4.9
2895.6
38.5
807.7
0.2
0.2
3413.8
2344.3
0.2
0.2
0.2
2741.7
0.2
590.0
0.2
0.2
711.7
2426.1
2724.6
0.2
7.6
0.2
10.9
0.2
0.0
249.1
28.7
0.2
15.3
0.2
130.1
38.3
421.2
32.0
213.1
3.1
3419.5
25.1
362.5
0.2
646.3
0.2
3244.1
2062.0
319.4
0.2
0.2
1538.1
1645.1
0.2
426.8
2377.6
0.2
2171.2
1036.8
3199.1
471.3
0.2
1443.6
3064.4
1551.2
120.5
0.2
768.6
0.0
0.2
0.2
0.2
0.2
310.7
0.2
1030.8
0.2
0.2
0.2
0.2
0.2
0.2
0.0
2005.6
3419.5
538.9
0.2
1821.0
105.4
0.2
3363.3
0.2
0.0
0.2
47.8
0.0
0.2
1000.3
0.2
0.2
3188.2
0.2
0.2
3419.5
3390.0
0.2
0.2
3377.5
45.4
0.2
3416.9
3419.5
0.2
2267.3
3419.5
0.2
0.2
0.2
0.2
0.2
0.2
26.0
0.2
0.2
0.2
1190.3
23.1
1573.2
1157.6
0.2
352.9
3408.0
0.2
0.2
0.2
1452.7
0.2
161.5
669.9
0.2
833.3
140.1
2358.3
36.9
545.5
0.0
0.2
0.2
41.6
475.0
0.2
3419.5
662.5
0.2
0.0
2719.0
0.2
42.9
0.2
334.9
0.2
0.2
3419.5
0.2
0.2
492.8
132.3
463.7
0.0
397.9
0.2
0.2
3419.5
0.2
99.9
3419.5
0.2
476.1
0.2
156.8
0.2
0.2
1601.0
0.2
61.4
3419.5
0.0
0.2
0.2
2466.4
64.7
82.7
0.2
942.3
0.2
20.9
0.2
0.2
3419.5
0.2
0.2
0.9
1463.4
0.2
0.2
0.2
0.2
36.9
205.7
328.5
622.3
1920.4
0.2
0.2
658.3
418.1
0.2
0.0
2250.2
0.2
0.2
0.2
0.2
1018.6
3389.1
639.4
0.2
479.5
479.0
2438.1
0.2
0.2
0.2
3419.5
181.3
1819.4
1340.1
853.1
1065.5
618.5
0.0
0.2
2170.3
1390.0
0.2
1033.2
2570.9
0.2
2819.7
1099.7
2157.9
3279.2
0.2
0.2
2998.8
1425.8
1639.9
708.1
409.9
2357.4
0.2
0.2
0.2
211.1
0.2
0.2
908.0
0.2
3049.9
0.2
0.2
3419.5
0.2
3419.5
617.8
0.2
0.2
1294.6
2226.2
0.2
0.2
38.0
1455.1
0.0
1272.5
0.2
0.2
2441.2
0.2
0.2
604.5
2759.2
1650.4
0.2
1200.0
882.5
0.2
0.2
2616.5
2604.0
0.2
0.2
3419.5
907.1
31.8
944.5
0.2
0.2
0.2
323.1
0.2
0.2
725.9
0.2
0.0
0.2
265.1
0.2
269.3
821.3
602.0
516.8
47.6
0.2
0.2
100.1
59.8
0.2
2.7
0.2
0.2
107.2
0.0
0.2
425.4
0.2
0.2
0.2
0.2
0.0
0.2
0.2
956.1
0.2
2691.2
388.1
0.2
0.2
0.2
0.0
969.6
264.2
3334.8
0.2
927.8
0.2
1524.1
0.2
0.0
554.4
879.3
0.2
3419.5
3254.7
1380.6
0.2
443.0
3419.5
0.0
0.2
203.7
7.1
3410.4
969.0
0.2
1272.3
511.1
213.5
59.2
0.2
1158.9
3419.5
0.2
1967.7
0.2
0.2
1500.3
3247.2
3419.5
923.2
1280.5
0.2
1107.3
2403.0
0.2
70.3
932.1
1075.1
2060.9
653.0
421.4
3419.5
1042.1
0.2
0.2
0.0
3247.0
0.2
0.2
0.2
0.2
451.9
1987.8
1498.7
0.2
399.4
0.2
816.2
0.2
61.8
565.3
0.2
0.2
0.0
963.2
0.2
1611.7
0.2
0.2
126.3
366.1
0.2
0.2
420.5
1785.4
0.2
3419.5
284.2
295.8
1315.7
233.1
110.5
3.8
0.2
0.2
0.2
2793.9
3381.7
0.2
0.2
33.8
0.0
893.1
406.3
98.5
2491.0
0.2
0.2
28.7
1278.1
1956.2
0.2
0.2
2413.9
1092.8
29.1
1410.6
0.2
369.4
0.2
0.2
3419.5
0.2
47.6
1245.0
1682.0
0.0
2459.2
0.2
0.2
0.2
0.2
0.2
0.2
0.2
0.4
2660.5
0.2
132.5
890.9
1468.5
0.0
0.2
0.2
0.2
343.8
381.4
0.2
2326.5
1724.2
0.2
502.8
0.2
81.0
7.8
0.2
0.0
1900.4
0.2
0.0
0.0
3419.5
859.8
56.0
0.2
0.2
2568.7
3419.5
3200.3
3184.5
107.2
0.2
15.8
1236.3
0.2
879.6
1963.7
120.3
1037.2
0.2
0.2
0.2
3089.9
197.5
635.4
0.2
0.2
3419.5
0.2
0.2
0.2
0.2
0.0
403.6
0.2
0.2
0.2
44.0
21.1
0.2
250.4
28.0
199.9
109.2
0.2
0.2
0.2
246.6
55.8
0.2
0.2
6.9
0.2
0.2
1476.9
7.1
0.2
3389.7
0.2
113.2
124.8
0.2
2123.4
0.2
2477.0
0.2
0.2
0.2
174.8
508.4
0.2
0.2
0.2
231.5
2833.3
0.2
438.1
0.2
273.1
0.2
0.2
840.0
0.2
1192.0
0.0
44.3
1224.9
375.8
451.0
0.2
1932.4
0.2
0.2
337.2
79.4
252.9
0.2
0.2
848.9
0.2
0.2
0.2
0.2
64.5
0.2
0.2
1783.4
0.2
1474.0
10.7
0.2
3419.5
0.2
2474.1
3324.6
1954.2
1261.4
1281.7
0.2
2137.2
0.2
0.2
0.2
3419.5
0.2
298.5
1585.9
913.8
0.0
0.0
0.0
189.5
565.5
2443.4
28.7
0.0
0.2
0.2
148.8
3419.5
1754.0
266.9
92.3
0.2
3264.8
0.2
1053.7
3419.5
2050.5
982.5
459.2
0.2
393.6
0.2
2908.5
24.2
705.2
1413.5
1699.1
0.2
906.0
1586.3
128.5
0.2
906.9
1592.8
0.2
0.0
522.2
22.9
37.1
0.2
0.2
1939.1
66.9
0.2
3419.5
1.8
0.2
0.2
0.2
0.2
1579.4
1423.3
0.2
0.4
0.2
3271.2
3419.5
3419.5
0.2
0.2
1996.7
0.2
0.0
70.5
0.2
0.2
0.0
0.2
129.9
0.2
328.9
0.2
176.4
3074.8
0.2
2520.6
85.4
2064.9
1672.4
0.2
1463.1
0.2
0.2
1828.8
46.5
341.4
0.2
3123.3
0.2
47.4
0.2
0.2
0.2
966.3
2229.3
0.2
0.2
0.2
2064.7
0.2
0.2
195.9
1650.8
1089.7
0.2
0.2
0.2
0.2
0.2
0.2
2774.1
0.2
0.2
0.2
803.3
199.3
91.8
0.2
7.1
0.2
269.8
0.2
140.3
0.0
1215.4
2048.9
1492.5
305.6
0.2
0.2
0.2
0.4
0.2
0.2
1631.3
0.2
0.2
401.9
0.2
3419.5
344.3
1221.4
3106.9
0.2
3419.5
0.2
0.2
1821.2
0.2
0.2
3419.5
0.2
3419.5
0.2
0.2
0.2
95.2
0.2
0.2
2055.6
0.2
0.0
240.4
798.4
3372.4
2439.4
0.2
1006.8
0.0
0.2
132.3
1010.1
0.2
0.2
854.7
0.0
3419.5
0.2
802.0
340.0
0.2
1635.3
1541.2
483.7
41.4
1801.4
371.8
6.7
3419.5
1706.0
0.2
0.2
0.2
959.6
414.5
2124.5
363.2
0.2
0.0
0.0
426.1
0.2
0.2
1618.6
0.2
1539.2
0.2
34.9
0.2
0.2
0.2
0.2
337.4
2276.7
3419.5
3419.5
0.2
227.7
5.6
3.3
0.2
0.2
1420.7
45.6
1157.3
0.0
549.1
0.0
197.0
0.2
524.6
548.6
170.8
463.9
0.4
0.2
0.2
0.0
2639.4
3363.7
963.9
379.8
2135.0
1589.9
0.2
0.2
0.2
0.2
0.2
0.2
0.2
2236.4
0.2
0.2
0.2
0.2
907.1
8.0
1593.2
0.2
0.2
1382.6
2739.2
0.2
0.2
3417.5
3376.4
0.2
0.2
1212.9
3044.1
0.2
3244.1
71.2
0.2
1328.1
471.5
173.9
0.0
0.2
0.2
0.2
352.9
126.3
802.0
2737.9
67.4
2053.1
4.7
0.2
0.2
143.4
0.2
0.4
131.0
0.2
0.2
0.2
1261.6
0.2
0.2
0.2
945.2
3419.5
0.0
2711.7
0.2
709.7
1860.6
640.7
67.8
0.2
2229.9
0.0
1017.2
0.0
0.2
0.0
40.3
492.8
0.2
0.2
0.2
3419.5
498.2
0.2
149.9
1503.6
1534.7
0.2
1.1
0.2
0.0
0.2
0.2
0.2
118.1
3419.5
0.2
0.2
1086.0
0.2
0.2
296.5
551.8
0.2
155.9
0.2
0.0
2319.8
506.2
372.5
634.0
0.2
1735.8
0.2
472.6
1701.1
818.9
38.0
364.5
1168.7
19.3
0.2
0.2
0.2
272.4
3419.5
2214.2
66.7
36.5
2926.5
0.2
0.2
682.1
314.5
0.2
0.2
0.2
0.2
0.2
0.2
3005.7
10.9
0.2
0.2
0.0
3419.5
0.2
0.2
0.2
0.2
1125.8
482.2
0.0
0.2
0.2
0.2
0.2
3390.0
999.9
1687.1
0.2
0.2
0.2
0.2
699.0
0.2
1538.5
721.4
0.2
1451.1
566.0
0.0
0.2
240.0
0.2
0.2
0.2
166.1
691.2
3419.5
0.2
800.6
6.2
0.2
0.0
2542.0
3419.5
488.2
750.8
604.2
0.2
63.8
1713.8
0.2
1335.0
3419.5
0.2
0.2
0.2
0.0
0.2
84.3
0.2
0.0
30.2
1357.7
0.2
0.0
3419.5
0.2
38.0
737.2
0.0
3419.5
1467.4
0.2
1730.2
0.2
1139.5
0.2
536.2
897.6
1592.6
0.2
0.0
150.8
2448.3
0.2
0.2
4.7
3419.5
0.2
0.2
538.9
0.2
0.0
2364.3
268.7
698.1
0.2
1570.5
0.2
0.2
0.0
1510.7
0.2
0.2
0.2
0.2
468.4
352.5
1133.1
3083.9
0.2
1424.2
3419.5
3419.5
0.0
1752.0
0.2
3419.5
0.2
0.2
0.2
765.0
3419.5
0.2
1165.3
0.2
40.0
35.8
1637.5
0.2
1350.4
0.2
844.2
0.2
1139.5
0.2
3419.5
1428.0
0.2
0.2
600.7
0.2
0.2
0.2
35.1
3233.8
483.7
0.2
905.1
0.0
0.2
0.0
548.9
0.2
755.5
623.4
1.3
62.7
0.2
111.6
0.2
1712.9
0.2
849.3
1782.3
0.7
0.2
3419.5
2812.4
776.2
0.0
369.4
2993.7
111.4
1592.6
365.2
3419.5
0.2
1576.8
0.2
1978.4
0.2
40.5
1553.6
0.2
0.2
0.2
0.2
0.2
2171.7
0.2
828.6
3307.2
1463.4
3419.5
0.2
1934.2
2.4
14.5
0.2
2558.2
0.2
0.2
20.7
818.4
1434.0
9.1
0.2
2195.9
0.2
2098.7
0.0
450.3
0.2
50.0
0.2
0.2
3419.5
137.2
59.2
297.1
0.0
3347.9
77.8
985.7
3231.2
654.5
105.4
0.2
0.2
2926.0
940.7
82.7
0.2
1202.5
362.5
81.2
0.2
177.7
0.2
510.0
0.2
999.4
0.2
1949.1
0.2
169.0
0.2
30.7
1668.8
0.2
0.2
0.2
1659.7
175.9
0.2
0.2
2005.6
908.7
32.7
3419.5
0.2
0.2
347.4
1144.2
3419.5
0.2
0.0
0.2
208.6
0.2
316.0
0.2
0.2
0.2
0.2
0.2
3343.7
0.0
0.0
0.2
0.2
0.2
1085.1
340.7
874.2
0.2
1792.3
131.0
0.2
0.2
0.2
0.2
507.7
1796.5
3170.2
0.2
2750.6
437.2
160.3
3261.9
160.8
0.2
2896.9
0.2
0.0
36.5
0.2
808.6
0.2
1.3
0.0
0.2
0.0
0.2
623.6
232.4
0.2
0.0
2600.0
0.2
316.2
0.2
939.8
0.0
0.2
3419.5
0.2
1055.5
0.0
0.9
11.8
3277.4
0.2
0.2
190.1
26.5
572.2
0.0
0.0
1024.1
0.2
1586.3
0.2
0.2
3419.5
162.6
1326.6
0.2
0.2
0.2
1598.6
1627.3
0.2
0.2
2003.6
1546.8
409.0
1328.6
2869.1
0.2
0.2
0.2
0.0
1497.8
0.2
953.4
0.2
0.2
3419.5
0.2
0.2
1478.7
34.5
0.2
0.2
3419.5
580.4
0.2
0.2
0.0
325.8
0.2
1060.4
31.6
0.2
0.2
0.2
158.8
0.2
0.2
0.2
0.2
0.2
0.2
0.4
0.0
3185.6
0.2
0.2
3301.0
0.2
0.2
0.2
0.2
0.2
3419.5
2030.5
0.2
89.0
0.2
0.0
0.2
0.2
0.2
15.1
3419.5
0.2
0.2
0.2
0.2
0.2
0.2
0.2
73.2
0.2
0.2
0.2
1267.4
3100.4
0.2
1592.1
0.2
0.0
792.6
0.2
0.2
0.2
816.9
0.2
0.2
0.2
0.2
15.1
0.2
0.2
0.2
0.2
312.9
94.3
206.8
588.0
0.2
0.2
111.6
956.3
2649.2
0.0
1211.4
0.2
0.2
608.9
0.0
0.2
344.9
3419.5
0.2
569.3
1013.7
905.6
0.2
1761.8
0.2
0.2
224.2
0.0
0.2
836.9
3419.5
3419.5
250.0
26.0
1366.8
742.4
0.2
0.2
0.2
0.0
1024.6
0.2
2239.1
3309.7
0.0
0.2
3419.5
0.2
1512.5
908.9
812.4
0.2
58.3
0.2
3419.5
71.2
0.0
0.2
0.2
2133.9
0.2
0.2
1334.4
485.7
1734.5
28.0
0.0
392.1
1054.8
84.3
0.0
0.2
585.3
0.2
30.9
1775.6
0.2
139.0
0.2
0.2
0.2
76.7
440.6
0.2
0.2
3419.5
2848.4
3419.5
0.2
0.2
0.2
838.9
85.8
49.1
0.2
0.2
0.2
61.2
2415.4
57.6
0.2
0.2
0.2
3171.3
1366.8
3419.5
0.2
2967.4
0.0
0.2
0.2
0.4
94.3
1186.5
551.5
554.0
282.2
763.9
2439.7
0.2
3419.5
0.2
2.2
154.8
0.2
3345.5
0.2
1636.2
18.5
0.0
0.2
534.0
0.2
0.2
23.1
0.2
43.4
1464.5
3417.3
0.2
0.0
0.2
0.0
0.2
0.2
0.2
0.2
31.1
1398.0
0.0
0.2
0.2
1704.7
1181.6
0.2
1507.8
0.2
383.0
0.2
170.4
0.2
3418.4
3419.5
100.1
0.2
446.6
0.2
0.2
1100.6
0.0
2268.6
0.2
0.2
0.2
2686.5
1307.2
1405.8
0.2
0.2
340.5
543.5
1712.9
0.2
410.8
0.2
3419.5
1523.6
0.2
0.2
3419.5
317.1
623.6
1073.1
154.1
0.2
582.7
24.0
215.3
505.3
1574.8
0.2
107.6
341.6
1313.0
0.0
948.1
3419.5
598.2
285.1
0.2
413.7
0.0
0.2
0.0
2796.2
2231.1
3419.5
0.2
2635.2
0.2
0.2
0.0
2787.7
0.2
0.2
0.2
0.2
0.0
2928.0
2.2
3359.7
3419.5
3419.5
3419.5
2521.5
0.2
2081.6
0.2
3419.5
832.6
0.2
0.2
0.2
2934.9
0.2
368.5
1508.7
118.3
0.2
0.2
1285.4
1624.1
0.2
0.2
1342.2
670.7
942.5
0.0
0.0
0.2
604.5
0.2
1804.1
0.2
0.2
0.2
1559.2
26.9
0.0
0.2
316.9
0.2
0.2
0.2
0.2
1862.8
0.2
2129.9
0.0
707.0
0.2
1510.9
0.2
0.2
0.2
0.2
0.2
0.2
0.2
0.2
0.0
0.0
0.2
1852.3
2143.7
0.2
3343.7
0.0
3419.5
0.2
208.8
2364.1
0.0
0.2
7.1
0.2
0.2
1400.0
211.3
616.7
974.5
0.2
3419.5
211.7
2731.7
3419.5
3419.3
0.2
1991.8
0.0
0.2
1450.2
3419.5
0.0
0.2
0.2
0.2
482.4
855.6
104.3
0.2
0.2
418.5
3419.5
0.2
242.9
25.4
0.0
1431.3
1649.7
66.3
171.9
1825.0
178.6
0.2
3360.6
105.4
1631.3
0.2
1678.9
2815.5
148.6
950.1
0.2
1546.3
0.2
1378.6
0.0
0.2
2151.2
2485.9
0.2
2952.3
1321.7
0.0
0.2
42.7
0.2
0.2
35.4
0.2
35.4
0.2
0.0
112.8
44.9
2898.7
4.7
1172.9
125.9
0.2
0.0
1.1
0.2
0.2
1683.5
2635.8
0.2
0.2
0.2
0.2
419.7
4.9
1086.4
61.8
1260.8
0.2
0.2
0.2
0.2
0.2
0.2
493.9
2309.6
0.2
0.2
357.2
384.5
0.2
331.6
0.2
0.2
0.2
0.2
3331.0
2871.8
3419.5
90.7
321.6
2619.4
0.2
0.2
0.2
268.9
0.2
0.2
1205.8
57.2
1418.2
0.2
655.0
0.0
0.2
1221.2
3143.3
0.2
570.4
0.2
0.2
3419.3
0.0
2041.1
269.8
272.0
3419.5
0.2
2185.0
0.2
3419.5
0.2
0.0
0.2
824.0
260.2
1867.7
0.2
0.2
0.2
62.0
0.2
0.2
0.2
156.3
2959.2
3134.7
3419.5
0.2
1052.4
0.2
98.5
3419.5
52.3
3419.5
0.2
0.2
0.2
0.2
0.2
268.2
709.2
0.2
19.3
52.3
3419.5
22.0
0.2
13.8
0.2
1.8
3011.2
2189.9
0.2
2156.3
499.7
0.2
0.2
0.2
0.2
2110.7
0.2
594.2
0.2
0.2
0.2
997.7
3419.5
0.2
0.2
342.3
0.2
0.2
2401.9
0.0
0.2
0.2
0.2
0.2
195.5
0.2
0.2
0.2
1842.1
0.2
537.7
0.2
0.2
2551.8
3143.8
3419.5
1402.4
909.1
1267.0
2041.4
0.2
0.2
0.0
0.2
81.0
0.2
518.4
703.9
1445.1
0.2
0.2
286.0
0.2
0.2
0.2
3419.5
878.2
688.3
1658.0
1296.8
778.4
0.2
3419.5
0.2
1297.7
0.2
247.7
0.2
0.2
161.2
0.2
139.7
0.2
919.6
423.9
0.2
2135.7
771.7
2461.7
153.5
3419.5
0.2
2027.8
0.2
792.4
0.2
30.7
815.1
0.2
3419.5
1099.1
3419.5
0.2
1424.4
0.0
3015.0
0.2
14.5
3414.0
3372.8
0.2
0.2
0.2
0.2
843.8
0.2
0.2
0.0
387.6
2052.0
1442.5
0.2
1184.7
3418.9
0.2
0.2
2910.5
764.6
783.7
0.0
3419.5
0.2
0.2
0.2
236.4
2.0
0.2
0.2
0.2
0.2
2072.0
0.2
0.2
0.2
24.7
2999.9
1206.7
0.2
2757.9
19.6
3376.2
1584.6
159.9
0.2
0.0
0.2
0.2
244.0
3418.2
292.9
3307.5
3419.5
2048.3
0.2
0.2
336.9
35.4
504.6
2698.3
0.2
2582.9
0.2
91.6
2341.8
1900.1
0.2
0.2
83.8
0.2
0.2
0.2
0.2
949.0
693.9
1127.8
63.4
977.2
0.2
0.2
0.2
0.2
3067.7
64.0
364.7
0.2
1417.3
1045.0
2631.1
0.2
0.0
293.8
0.2
1370.6
2536.4
0.2
3419.5
377.0
0.2
0.2
0.2
0.2
0.2
0.2
508.6
928.5
0.2
0.2
0.2
0.2
0.2
1301.0
0.2
0.2
0.2
0.2
1714.2
437.7
0.2
108.8
226.4
124.8
831.8
0.2
5.3
0.2
0.2
1599.5
0.2
0.0
0.2
0.0
14.0
1701.3
62.7
0.0
0.0
3419.5
3419.3
427.9
235.3
0.2
2135.4
15.1
0.2
0.2
0.2
971.0
0.2
3258.1
3404.6
0.2
281.3
0.0
0.2
676.1
852.2
3419.5
0.2
0.2
0.2
0.2
2317.8
0.2
0.2
3419.5
297.8
3097.3
0.2
606.2
0.2
25.6
657.2
0.2
471.0
0.4
3419.5
1774.5
3419.5
0.0
2607.1
0.2
0.2
0.2
23.1
18.2
0.2
3353.5
0.2
0.2
0.2
1536.7
17.8
294.9
0.2
916.5
0.2
1575.2
599.8
0.2
850.0
782.8
0.2
1373.3
3111.1
3180.9
3419.5
0.2
1.8
1038.1
0.2
2017.3
437.9
1499.6
12.9
0.2
0.2
2532.2
3419.5
0.2
79.2
0.2
0.2
0.2
0.2
0.2
0.2
866.2
0.2
2085.8
0.2
304.9
942.1
0.2
1781.8
0.2
848.7
43.4
0.2
0.2
3287.7
340.7
245.3
0.2
0.2
71.2
1190.0
1013.9
0.2
0.0
3419.5
0.2
0.2
123.4
0.2
76.9
2560.2
32.2
2818.0
0.2
3419.5
0.2
0.2
8.5
1802.5
0.2
0.2
789.5
155.2
0.2
1833.2
1442.0
0.2
126.1
0.2
0.2
0.2
0.2
378.3
113.2
0.2
0.2
1629.9
1684.6
0.2
0.0
3419.5
274.7
1605.9
974.5
1917.0
1974.0
715.7
0.2
2947.4
22.9
3401.7
146.1
0.2
3419.5
939.8
361.2
0.2
226.6
675.2
86.3
0.2
0.2
994.3
735.2
0.2
0.2
536.4
1290.6
3419.5
25.6
0.2
787.7
0.2
0.2
0.2
2220.8
1221.8
0.2
385.9
1118.0
296.5
3419.5
0.2
23.6
881.6
0.2
89.6
0.2
917.6
1783.4
1020.3
48.3
0.2
0.0
0.7
0.2
0.0
0.2
0.2
629.4
0.2
450.6
7.3
0.2
0.2
0.2
0.2
283.3
1550.3
0.2
0.2
2189.9
1258.5
0.2
0.4
0.2
229.3
3419.5
562.9
0.2
0.2
955.0
0.2
0.2
0.2
3419.5
0.0
169.5
1836.3
816.2
3397.5
740.4
167.7
0.2
459.5
0.2
24.5
0.2
586.5
3419.5
344.9
0.2
0.2
169.0
3419.5
50.5
0.2
1386.6
0.2
113.6
816.0
0.2
251.5
2459.7
1869.9
508.2
0.2
485.3
1184.7
217.1
0.2
46.9
2565.1
52.3
0.2
114.8
356.9
0.2
956.5
0.2
0.2
292.4
0.2
411.7
745.9
1866.3
0.2
284.0
45.8
0.2
555.5
2726.8
0.2
0.0
0.2
2689.6
3416.9
991.0
2033.4
0.2
0.2
0.2
0.2
985.2
1132.0
0.0
0.2
0.2
0.2
443.5
0.0
0.2
2699.4
0.2
0.2
0.2
2310.9
3419.5
0.2
2046.9
0.2
689.2
8.0
0.2
0.2
707.7
0.2
460.8
0.2
0.2
0.2
0.2
0.0
0.2
58.3
2578.7
0.2
0.4
0.2
1546.1
0.2
0.2
0.2
0.2
538.4
0.2
3419.5
26.0
0.2
752.1
3419.5
25.8
2460.4
0.0
3419.5
0.2
53.6
0.2
1713.5
0.2
0.2
0.2
0.2
0.2
0.0
1460.7
343.6
0.2
3419.5
0.2
0.2
0.2
34.0
0.2
0.2
885.4
1284.1
0.2
804.8
0.2
975.9
2391.4
3411.1
3390.2
0.2
73.4
2570.9
250.0
126.3
0.2
1268.8
0.2
458.6
191.5
0.2
81.8
0.2
0.2
2882.7
3419.1
0.2
0.2
0.2
0.2
0.2
0.2
25.8
0.2
0.2
570.7
2234.8
678.5
496.6
0.2
2847.1
1977.3
0.2
106.3
164.8
89.2
0.2
0.2
0.2
0.2
29.8
23.8
363.4
501.1
379.4
10.9
4.2
0.2
0.2
848.0
3419.5
0.2
0.2
0.2
1180.5
1073.1
365.8
0.2
1469.1
42.9
3356.2
2664.3
566.9
2959.2
313.4
0.2
0.2
0.2
0.2
0.0
2774.1
3331.2
0.2
1507.4
2958.1
0.2
0.2
0.0
0.2
0.2
0.0
3419.5
0.2
1188.9
3408.4
0.2
732.8
101.6
234.2
232.6
0.2
0.2
0.2
3180.5
0.2
3419.5
37.1
0.2
0.2
0.2
2520.6
0.2
0.2
0.2
2799.5
0.2
207.3
127.9
0.2
356.1
3248.3
1434.2
1292.8
0.2
2592.0
1.8
0.2
0.2
2150.6
0.2
5.3
0.2
3419.5
1863.2
0.2
970.3
3311.2
250.2
938.5
0.2
0.2
38.5
0.2
0.0
3419.5
0.2
3419.5
0.2
0.2
0.2
0.0
0.2
305.6
3188.5
2894.5
0.2
0.2
794.4
0.2
171.0
0.2
0.2
77.4
1155.1
3136.4
624.7
1482.5
303.1
3419.5
2304.9
0.2
393.6
0.0
24.5
280.7
0.2
3419.5
0.0
2216.4
813.5
3419.5
0.2
0.2
0.2
0.2
3143.1
3419.5
0.2
3419.5
2178.1
78.5
72.9
2298.4
328.3
0.0
0.2
1610.4
0.0
0.2
0.2
3419.5
24.7
1892.1
0.2
228.6
0.2
0.2
1795.8
18.5
0.2
730.8
3384.4
613.1
256.0
0.2
3419.5
0.2
128.1
0.2
74.7
3419.5
0.2
1085.1
0.2
0.2
0.2
0.2
0.2
0.2
0.2
551.1
6.7
0.2
115.0
0.2
97.2
3204.5
62.7
350.9
1208.5
3419.5
3419.5
0.2
2409.4
0.2
0.0
3057.7
0.2
63.8
481.7
0.2
41.8
0.2
2283.5
0.2
116.3
0.2
278.4
174.4
0.2
3.8
2397.4
0.2
0.2
0.2
684.8
65.4
0.2
103.4
0.2
0.2
1579.0
0.2
0.2
0.0
9.6
0.2
1546.1
3419.5
461.5
139.0
0.0
0.2
0.2
3419.5
0.2
836.0
0.2
2040.7
0.2
20.9
0.2
1235.4
1635.3
3419.5
22.5
0.2
5.8
0.0
241.7
4.2
52.7
2006.4
0.2
307.3
0.2
455.2
0.2
0.2
1051.0
0.0
5.6
0.2
0.2
357.6
0.2
547.5
0.0
2932.0
3419.5
3082.4
200.2
1418.4
0.2
1147.8
3419.5
14.0
0.2
0.2
13.6
0.2
3419.5
0.2
205.7
0.2
1044.4
0.2
1651.1
0.0
0.2
0.2
0.2
0.2
0.2
0.2
184.6
0.2
874.2
2932.0
3419.5
0.2
424.1
14.5
238.2
0.2
687.4
0.2
0.2
0.2
3394.0
1177.6
0.2
0.2
0.0
0.2
0.2
313.1
0.2
46.7
3419.5
0.0
1440.7
0.2
92.7
0.2
0.2
0.2
2068.7
1465.1
0.2
313.4
756.6
0.2
27.8
3419.5
1476.7
957.6
881.8
0.2
6.2
0.0
101.2
0.2
145.7
876.2
27.6
0.2
3036.4
0.2
0.2
511.5
0.2
0.2
2427.9
0.2
139.2
3419.5
0.2
0.2
0.2
0.0
2141.2
0.2
0.2
0.2
0.0
0.2
266.9
107.6
1275.9
168.6
550.9
0.2
0.2
0.2
3419.5
498.4
1329.7
2461.5
0.2
0.2
0.2
0.2
245.7
0.0
0.0
0.2
878.2
197.3
0.2
0.2
0.2
1818.3
2141.0
1219.4
0.2
1888.6
3419.5
0.2
279.3
312.2
0.2
0.2
0.2
0.2
0.2
0.2
0.2
234.6
0.2
2.9
0.2
1420.9
0.2
0.0
3419.5
1239.8
0.2
0.2
0.0
1544.3
547.1
42.7
0.2
0.2
0.0
0.2
2773.0
499.5
572.7
275.1
0.2
0.2
0.2
3306.1
1064.2
0.2
153.0
0.2
466.4
0.2
0.2
103.6
0.2
1809.2
0.2
0.2
22.9
0.0
735.0
0.2
1529.0
0.2
0.2
2036.9
0.2
718.8
205.0
0.0
2356.3
561.5
2737.7
161.0
0.4
0.2
0.2
1124.4
2719.4
0.0
0.2
0.2
0.0
3205.8
2843.5
0.2
245.5
0.2
0.2
304.7
3244.3
219.9
0.2
3418.2
1377.1
0.2
742.1
3299.7
95.9
123.0
951.4
1675.1
0.2
503.3
1809.0
15.6
0.2
0.2
0.2
0.4
3219.8
3366.8
0.2
1999.3
3419.5
555.5
248.4
0.2
1.6
0.2
2166.6
0.0
0.2
0.2
0.2
160.1
0.2
0.2
0.0
0.2
210.8
0.2
101.0
1295.4
97.9
1697.1
3419.5
2177.0
0.2
3026.8
2835.8
116.5
3419.5
0.2
0.2
0.2
0.2
908.0
3419.5
0.2
2926.0
0.0
0.2
0.2
0.2
0.2
376.5
2320.5
0.2
0.2
1730.5
647.2
0.2
0.2
593.1
0.0
460.8
0.2
2236.4
0.2
0.2
0.0
3419.5
0.2
0.2
0.0
0.2
3419.5
0.2
2453.5
0.2
0.2
2949.6
144.1
0.2
1506.5
0.2
1651.7
0.2
2781.7
0.2
0.2
0.2
3419.5
1251.9
0.2
325.6
0.2
251.1
1362.4
0.0
0.2
0.0
0.2
3.1
0.2
0.2
3297.2
2193.9
0.2
711.4
0.2
0.2
1523.4
0.2
0.2
668.7
89.0
243.1
237.1
2720.6
0.2
2845.3
2772.4
147.9
0.2
0.2
182.6
3419.5
0.0
2222.4
2274.4
443.2
0.2
3387.5
0.2
0.2
0.2
282.2
1809.8
3336.8
0.2
0.2
0.0
16.2
1212.1
0.4
3302.3
0.2
0.2
0.2
149.7
3419.5
0.2
3419.5
3419.5
0.2
139.0
0.2
0.0
0.2
0.2
0.0
0.2
0.2
2811.7
0.2
0.0
0.2
2938.7
0.2
0.2
682.1
0.2
2861.3
2499.0
160.6
0.2
3419.5
0.2
0.2
390.5
0.2
0.2
125.4
1047.0
0.2
875.1
0.2
711.0
1523.2
393.9
3402.4
0.0
0.2
1194.7
1981.5
0.2
0.2
0.2
0.2
0.2
646.9
0.0
3011.2
234.8
1121.8
441.5
2173.7
1377.7
1248.5
80.5
0.2
2350.7
29.1
344.3
0.2
30.7
0.2
0.2
3362.8
0.2
0.2
672.7
3419.5
0.4
75.8
529.1
0.2
2514.2
1.8
0.2
1016.1
0.2
3419.5
1876.6
0.2
1378.6
0.2
553.3
0.2
26.5
1102.9
3.3
1836.8
3402.9
0.2
0.2
980.8
0.2
0.2
0.2
35.8
0.4
3419.5
0.2
3419.5
1261.6
1806.5
0.2
0.2
1333.0
2203.9
0.2
0.2
0.2
0.2
74.3
0.0
0.2
310.2
0.2
8.0
0.2
0.2
0.2
2014.7
0.2
40.5
0.2
0.2
3419.5
139.4
3195.4
24.7
1329.3
0.0
0.0
62.9
0.2
0.0
1839.2
2478.1
0.2
2976.5
517.5
0.2
0.2
0.2
1667.1
0.2
2384.1
0.2
160.1
0.0
3419.5
0.2
5.8
0.2
0.2
0.2
503.5
1.1
3415.8
0.0
0.2
757.9
308.2
3419.5
966.7
1638.6
0.2
132.8
0.2
2402.1
546.4
0.2
0.2
1454.9
0.2
0.2
0.2
0.2
604.7
1110.9
459.0
0.2
3412.9
3095.3
0.0
0.2
0.2
0.2
0.2
294.7
0.2
0.2
0.2
0.2
0.2
0.2
2199.9
1306.3
0.2
224.2
0.2
66.1
3419.5
0.2
0.2
576.2
0.2
2.7
0.2
0.2
0.2
0.2
2605.6
0.2
1061.7
251.3
0.2
0.2
3419.5
2415.6
0.2
0.2
0.2
2273.8
0.2
1915.7
183.5
0.2
0.2
876.7
0.0
0.2
0.2
820.4
2292.7
1379.5
0.0
0.2
0.2
0.2
319.1
870.2
0.0
1610.8
1118.0
0.2
0.2
0.2
636.0
0.0
2966.7
2039.1
6.9
3235.4
1.8
442.3
924.9
635.8
284.7
0.2
0.2
1178.0
0.2
113.2
395.9
0.2
824.4
0.0
0.2
44.5
458.1
338.3
0.2
1554.5
0.2
115.4
0.2
652.5
0.2
2120.3
159.0
0.2
0.2
0.2
0.0
0.0
233.3
1020.6
2153.4
246.2
981.0
139.0
896.0
6.0
132.5
0.2
2060.0
870.2
634.0
1658.2
934.1
659.6
928.7
0.2
0.2
764.6
0.2
881.3
0.2
6.7
62.9
0.2
0.2
0.2
1435.1
629.4
0.2
0.2
502.2
0.2
3419.5
0.2
1697.5
0.2
0.2
3233.6
30.7
0.2
3407.3
0.2
0.2
958.7
0.2
1757.4
0.2
0.2
0.2
0.2
0.2
2.2
1810.5
0.2
0.2
1239.4
2972.1
1079.5
0.2
0.0
1985.8
0.2
70.1
0.2
173.5
1914.6
0.2
0.2
0.2
0.2
664.3
44.7
0.2
0.2
0.2
10.5
3.6
0.0
400.8
1283.0
1794.1
3419.5
1135.3
3419.5
2303.3
26.5
37.1
700.5
3419.5
0.0
0.2
477.9
0.2
0.0
0.2
22.2
0.2
3419.5
0.2
3079.1
0.2
3419.5
0.2
0.2
2715.7
50.5
0.2
264.4
0.2
288.7
0.4
0.2
0.2
2306.5
2156.1
2005.1
0.2
0.2
0.2
2604.7
0.2
815.7
33.1
0.2
0.2
979.0
0.2
1999.5
286.0
422.5
0.2
0.2
0.2
2332.0
1137.8
0.2
0.2
3419.5
800.0
70.1
2124.3
0.2
339.4
1466.7
30.2
0.2
1949.5
912.0
4.2
0.2
639.4
1878.6
0.2
0.2
0.2
0.2
0.2
0.2
0.2
1916.2
2139.4
705.2
2820.9
0.2
3419.5
0.2
971.9
3419.5
0.2
2321.6
0.0
38.7
275.1
0.2
1208.9
0.0
0.0
1167.3
3253.0
3419.5
765.5
0.0
1223.6
141.2
26.5
689.4
2872.9
0.0
0.2
0.2
2453.0
0.2
0.2
0.2
2659.8
0.2
250.6
0.0
0.2
62.3
0.2
147.4
750.4
0.2
0.2
0.2
2066.0
0.0
984.5
87.0
0.0
0.0
665.0
338.5
460.6
0.2
0.2
0.2
0.2
0.2
0.2
10.5
229.3
0.2
1700.0
0.2
214.8
370.5
3419.5
0.2
0.2
511.7
460.6
0.2
0.2
0.2
0.2
0.2
977.0
421.9
0.2
3419.5
31.1
63.4
0.2
1603.7
0.2
0.2
0.2
2982.8
0.2
389.4
0.2
226.8
1828.3
314.5
176.6
0.2
0.2
0.2
51.8
0.2
3419.5
0.2
1153.1
0.2
2046.5
1048.4
0.2
3204.3
0.2
0.2
0.2
1751.4
96.5
0.2
0.2
0.2
0.2
787.7
0.2
2803.7
0.2
515.5
168.6
0.2
0.2
0.2
2445.7
730.1
3419.5
0.2
284.0
11.1
0.2
0.2
3419.5
372.5
0.2
3419.5
0.2
1735.6
348.5
0.0
0.2
1746.0
0.2
0.2
0.2
585.3
3382.2
397.2
0.2
0.2
0.2
954.7
0.2
0.2
1309.7
0.2
9.3
0.2
0.2
523.1
0.2
0.2
52.7
0.2
0.2
0.2
29.8
0.2
0.0
32.0
443.9
0.2
0.2
1603.2
2056.3
243.3
621.4
473.9
0.2
542.9
0.2
682.5
0.2
3264.3
160.8
433.7
1229.0
650.7
0.0
0.2
9.8
2135.2
0.2
0.2
0.2
0.2
0.2
1097.7
0.2
0.2
2509.3
1131.3
842.9
992.5
0.2
379.8
1919.0
1583.0
3405.5
0.2
1104.2
3419.5
63.6
1517.2
0.2
1345.9
0.2
56.7
2253.3
424.1
0.2
405.9
0.2
0.2
2329.6
0.2
0.0
1689.3
12.2
0.2
3417.8
229.5
3419.5
6.4
2042.9
0.4
3419.5
0.2
3419.3
70.9
3419.5
0.2
0.2
1362.4
518.6
62.9
0.2
0.2
0.2
0.2
49.6
314.0
0.2
0.2
321.4
2174.6
0.2
3416.9
0.2
0.2
60.5
164.6
3418.9
0.2
14.9
739.2
297.6
0.2
280.2
592.7
0.0
2360.9
0.2
156.8
0.2
1203.4
121.0
280.9
1587.7
0.2
1366.2
163.5
3419.5
1768.7
1546.1
418.1
3419.5
3187.1
375.2
36.5
0.2
9.6
502.6
166.4
3419.5
0.2
0.2
0.2
1451.6
4.4
512.0
2486.8
0.2
0.2
0.2
3133.1
39.4
523.5
826.9
2366.7
0.2
0.2
0.2
0.2
0.2
602.0
3257.2
0.2
1533.9
1445.6
2139.0
0.2
0.0
0.2
0.9
990.5
3087.1
17.6
0.2
155.9
0.2
928.7
0.2
3419.5
39.4
1472.7
0.2
2332.9
0.0
0.2
0.2
3419.5
1248.1
171.5
0.2
1778.5
950.3
0.2
18.2
1612.6
0.2
540.0
1431.6
0.2
383.4
962.1
0.2
1121.1
0.2
291.3
490.6
12.7
0.0
1665.5
1048.6
1854.1
2034.5
1086.8
3419.5
94.5
0.0
0.2
0.2
1830.1
0.2
0.2
100.5
1728.0
0.2
0.2
147.2
0.2
3419.5
0.2
453.0
802.6
0.2
79.2
454.8
0.2
0.0
49.4
2060.9
0.2
22.0
1827.9
0.2
0.2
1048.8
0.2
0.2
178.6
468.1
0.2
605.8
0.2
406.1
3419.5
0.0
165.5
333.1
0.2
0.2
1340.6
1482.7
0.2
620.5
888.0
324.5
2739.5
0.2
0.2
221.3
284.7
0.2
0.2
0.2
1660.6
665.4
820.2
0.2
0.2
0.2
0.2
1709.8
0.0
53.8
0.2
0.2
0.2
14.0
0.2
0.2
1811.2
1191.1
1887.7
0.2
2423.9
0.2
1943.3
0.2
0.2
3399.1
148.6
0.2
13.1
268.7
1105.5
0.2
1113.1
0.0
0.2
37.1
0.2
0.2
3041.9
0.2
0.2
173.0
72.9
0.2
1292.1
0.2
0.2
0.2
0.2
0.2
0.2
2221.9
738.3
0.2
0.2
988.3
1990.9
0.2
0.2
853.1
440.3
3419.5
167.0
396.3
408.8
0.2
0.2
2104.7
739.5
167.5
0.2
1950.6
0.2
0.2
0.2
1010.6
1990.0
0.2
0.2
1086.2
1530.7
2342.5
494.4
0.2
451.0
0.2
0.2
0.2
0.0
294.2
159.5
0.2
1315.5
0.0
0.4
0.2
68.9
3419.5
0.2
2694.3
0.2
0.2
2445.4
0.2
0.2
122.5
0.2
0.2
0.2
0.0
2555.8
0.0
64.0
0.2
0.2
1779.4
0.2
0.2
794.4
528.2
1193.4
75.6
0.2
0.2
3419.5
0.2
0.0
2072.9
33.6
0.2
99.9
2661.4
306.5
0.2
3.3
3419.5
0.2
0.2
0.2
1796.7
0.2
0.0
3.6
69.2
0.2
2080.1
986.5
0.2
0.2
0.2
0.0
773.3
262.0
3391.7
0.2
719.9
0.2
605.1
1250.1
237.5
104.5
3419.5
1184.5
0.2
48.0
21.3
2338.9
0.2
3301.4
1842.3
3141.5
0.2
798.4
713.0
0.2
0.2
262.4
0.2
89.2
0.0
3227.4
3419.5
79.6
2927.4
267.1
0.2
3419.5
2834.2
559.5
3419.5
509.5
2232.0
2680.3
2505.9
245.1
0.2
0.2
202.6
26.5
0.2
2752.1
1205.2
272.7
0.2
0.2
114.1
38.0
1305.7
0.2
3419.5
91.8
42.0
0.0
386.5
0.2
0.2
0.2
0.2
258.9
245.3
2349.8
1530.1
0.0
15.8
0.2
0.2
0.2
0.2
0.2
2717.9
0.2
0.2
0.2
571.8
0.2
0.2
1469.6
403.9
0.2
0.2
3287.2
2959.6
0.2
1531.6
0.2
0.0
0.2
238.0
0.0
44.0
52.0
0.2
0.2
0.2
0.2
0.2
0.2
0.2
0.2
611.1
0.0
0.2
129.4
3388.4
0.2
1222.1
0.2
0.2
1734.9
89.6
0.2
1132.2
0.2
0.2
0.2
102.5
0.0
0.2
0.2
0.2
0.2
3060.8
0.2
1289.9
3286.8
61.2
117.4
3303.0
1087.5
0.2
0.2
104.3
0.2
0.2
2095.0
0.2
0.0
773.9
0.2
68.7
0.0
174.6
0.2
1627.9
2040.7
0.2
0.2
3218.7
0.2
637.4
18.9
0.2
1962.0
2713.9
24.5
1305.7
0.0
0.2
1870.3
0.2
0.2
25.8
2355.2
0.2
130.1
2.4
570.7
0.2
961.6
2085.8
0.2
0.0
27.1
3400.4
0.2
3282.3
3412.2
0.2
493.9
2524.4
132.8
579.6
0.2
0.2
113.2
0.0
3419.5
0.2
0.2
1199.6
0.2
587.3
0.2
0.0
0.2
0.2
0.2
1442.2
1845.2
2714.8
687.4
0.2
0.2
3419.5
1084.0
0.2
0.2
0.0
36.3
5.3
443.7
0.2
0.0
0.0
0.0
1109.1
660.3
0.2
0.2
677.6
66.3
0.2
836.6
1368.4
0.2
0.2
77.2
0.2
2794.4
0.2
0.2
0.2
1738.0
0.0
2148.1
0.2
22.9
0.2
0.2
288.4
3419.5
1157.8
3419.5
0.2
518.8
0.2
495.3
638.3
1431.8
0.2
3223.4
0.2
0.2
0.0
832.0
800.8
50.5
1609.7
52.9
11.8
170.1
0.2
807.5
0.0
0.2
0.2
386.3
974.5
3419.5
0.2
3224.5
295.8
368.3
1522.5
1692.0
0.2
1.1
0.2
3107.7
2568.7
361.8
0.2
58.0
1163.3
236.4
0.2
1413.3
2151.7
70.3
12.9
0.2
198.4
0.2
0.2
0.2
0.2
0.0
2777.3
0.2
1955.1
0.2
641.6
0.2
0.2
0.2
0.2
173.9
0.2
3419.5
3419.5
1257.9
193.5
2025.8
0.2
0.2
0.2
297.8
0.2
0.2
0.2
0.2
0.2
0.2
2288.2
2770.4
0.2
2185.0
0.0
1399.1
3137.1
1993.8
1002.1
0.2
0.2
0.2
0.2
2804.2
1911.7
0.2
54.3
400.3
2788.6
683.9
0.2
0.2
0.2
0.2
80.7
0.2
0.0
1362.8
0.2
0.2
695.9
0.2
575.8
12.9
0.0
0.2
0.0
104.5
931.8
0.2
0.2
3305.0
601.6
0.2
1705.5
0.2
2040.5
0.2
0.2
2675.6
0.2
0.2
657.0
1227.8
1994.9
0.2
0.2
113.4
0.2
0.2
0.2
777.0
647.8
226.6
130.3
0.2
2524.2
0.2
3419.5
2769.7
1694.0
69.4
0.2
0.2
0.2
189.9
1059.9
3415.8
33.8
33.8
15.3
0.2
777.3
896.7
0.2
0.2
0.2
200.6
0.0
0.2
0.2
0.2
0.2
34.7
0.2
0.2
99.2
0.2
0.2
0.2
1337.5
0.0
0.0
177.0
0.2
0.2
441.9
0.0
1545.4
5.1
0.2
0.2
0.2
1493.6
0.2
283.6
0.2
0.2
3286.3
3245.2
0.2
88.3
0.2
0.2
14.2
670.1
399.9
1899.5
0.0
0.2
455.2
249.5
0.2
0.2
216.2
722.3
0.2
330.5
3419.5
25.6
0.2
969.0
2596.0
0.2
0.0
0.2
0.2
999.4
0.2
318.7
876.0
1079.3
0.2
3419.5
0.2
2.2
0.2
108.8
0.2
1.8
0.2
0.2
1199.2
0.2
0.2
0.2
2989.9
1552.5
123.2
0.2
0.2
758.6
0.0
0.2
740.6
3419.5
2.7
760.6
53.8
3127.1
0.0
0.2
0.2
154.3
3419.5
3073.7
298.2
18.5
0.2
0.2
468.1
0.0
3359.9
0.2
1559.2
3010.6
1.3
0.2
0.2
0.2
0.2
742.8
3237.8
262.0
1385.3
383.9
0.2
1222.3
0.2
0.2
0.2
1824.1
0.2
440.3
0.2
35.6
3419.5
814.4
3327.0
928.9
0.2
0.2
0.2
0.2
0.0
3419.5
871.6
0.2
0.2
199.3
644.5
87.4
0.2
0.2
2703.6
55.8
1826.1
716.6
0.2
0.2
0.2
0.2
274.9
0.0
0.2
0.2
0.2
0.2
37.8
0.0
0.2
0.2
3419.5
0.2
3419.5
438.3
158.6
20.9
0.2
0.2
0.2
0.7
3419.5
0.2
579.1
0.2
329.8
0.0
0.2
32.0
2717.9
1243.4
0.2
257.5
168.1
0.2
95.4
3205.4
0.0
0.0
0.7
1304.1
0.2
0.2
0.2
1704.4
0.2
1143.3
0.4
0.2
3322.1
477.3
3419.5
0.2
0.2
0.2
2384.7
0.0
0.2
1230.1
413.9
0.2
38.3
1205.6
783.5
399.6
1191.1
82.3
3414.4
19.1
0.2
0.2
0.2
0.2
0.2
0.2
0.2
0.0
0.2
0.2
3208.5
715.9
0.2
0.2
2222.2
0.2
0.2
1578.1
0.2
0.2
3419.5
1994.4
0.2
0.2
0.2
0.2
0.2
0.2
3138.2
2477.9
0.2
0.0
18.0
0.2
397.2
663.8
0.2
743.9
53.2
0.2
0.2
95.4
3419.5
0.2
0.2
272.7
69.8
3262.5
1170.2
0.0
1234.3
907.1
0.2
34.2
0.2
0.2
0.2
36.9
0.2
1563.0
0.2
355.8
863.3
6.2
0.2
0.2
1760.0
1910.8
1412.9
1296.6
0.2
1739.3
0.2
765.5
650.7
0.2
17.1
0.2
2688.5
0.2
0.0
2699.4
492.4
469.9
0.0
1326.1
0.0
3419.5
0.2
0.2
275.3
218.2
902.3
93.4
724.1
0.2
0.2
31.1
71.8
0.2
927.4
0.2
0.0
3419.5
1404.9
0.2
972.5
1605.9
2391.0
284.7
1595.0
0.2
0.2
214.2
0.2
0.2
0.2
0.2
0.2
0.2
0.0
475.3
1309.0
1310.8
0.2
2063.6
20.5
622.9
3378.4
1013.9
0.2
69.2
1271.2
0.2
373.6
1803.2
3405.3
10.7
0.2
3419.5
0.2
1116.0
141.7
134.3
0.2
0.0
3.6
3419.5
0.2
0.2
1917.5
0.2
0.2
3297.0
1466.0
1012.3
0.2
0.2
0.0
0.0
349.8
557.3
2860.9
298.5
0.2
0.2
0.0
319.1
2994.1
0.2
0.2
1702.0
3419.5
0.2
0.2
646.7
0.2
0.2
0.2
1529.2
0.2
0.2
62.5
1448.5
0.2
338.7
0.2
0.2
2746.3
0.0
0.2
15.3
0.2
851.3
328.0
217.9
0.2
0.2
0.2
3419.5
0.2
0.2
1908.6
0.2
0.2
0.0
140.6
0.0
0.2
0.2
564.0
0.2
15.1
0.0
0.2
106.5
0.2
0.2
374.1
0.2
0.0
0.2
499.9
0.2
2628.3
1531.0
217.9
502.8
0.0
3011.2
129.7
53.6
3419.5
197.7
0.2
0.2
0.2
0.2
0.2
1750.7
0.2
3419.5
0.2
0.2
0.2
3419.5
203.5
3419.5
2981.2
3419.5
0.2
0.2
0.2
0.2
2639.6
20.9
0.2
452.4
0.2
0.0
0.2
0.2
0.2
0.2
0.2
0.2
0.2
246.4
0.2
0.2
0.2
0.2
904.9
2825.3
0.2
1343.7
0.2
0.2
965.6
0.2
0.2
545.8
0.2
0.2
3132.9
0.0
72.7
0.2
2385.0
1178.0
0.2
1850.1
2379.6
0.2
24.7
0.2
1230.1
0.2
0.2
3419.3
0.2
0.2
908.0
0.2
3419.5
0.0
0.2
577.6
0.2
298.5
0.2
0.2
0.2
0.0
1742.7
1230.7
2596.0
0.0
0.2
830.0
2231.5
0.2
311.6
0.2
1321.9
417.2
0.2
0.2
3419.5
2564.2
0.2
1573.9
110.3
1620.1
0.2
28.7
0.2
0.2
0.2
388.5
8.5
3203.8
2501.7
0.4
0.2
0.0
2714.5
3408.9
0.0
0.2
0.0
16.0
74.9
916.0
0.2
0.2
677.6
1818.3
0.2
0.2
0.2
1071.3
0.2
2982.8
0.2
0.2
0.2
33.6
0.2
2785.5
2145.0
0.2
1592.3
0.0
2.2
2396.7
0.2
0.2
0.2
0.2
0.2
0.2
2259.3
0.0
1269.7
3206.0
320.2
0.2
2372.5
3143.8
0.2
0.2
131.4
0.2
91.6
1359.5
0.2
0.2
0.2
2004.9
0.2
0.0
1695.3
16.2
0.2
2667.8
3253.6
0.2
0.2
0.2
0.2
1826.5
0.2
1246.7
0.2
0.2
3166.0
93.9
66.9
0.2
0.2
0.2
0.0
0.2
2303.6
0.2
26.5
0.2
3296.6
515.5
1648.4
554.7
0.2
492.4
2261.3
0.2
3419.5
0.2
341.2
0.2
0.2
1351.7
0.2
1019.2
3419.5
0.2
0.2
0.2
0.2
0.0
3419.5
0.2
925.4
2650.1
0.0
1196.9
1585.0
72.1
1200.0
0.7
3419.5
1167.1
0.0
0.2
0.0
0.2
0.2
0.2
0.2
434.3
679.4
0.2
0.2
0.2
2340.5
2536.0
739.0
1585.5
0.2
1008.8
2838.9
0.2
0.2
1232.1
1313.5
1864.3
0.2
603.1
28.7
101.9
1055.9
0.2
402.3
3148.4
0.2
0.2
0.2
401.9
3261.9
0.2
1831.9
2043.8
0.2
0.2
0.2
1241.2
595.6
2026.9
0.2
0.0
0.2
0.2
2535.5
3419.5
721.9
0.2
514.4
1817.0
32.0
0.2
3419.5
1033.9
0.2
0.2
136.1
0.2
0.2
2007.1
1525.8
1720.9
1177.4
0.2
0.2
2581.3
0.2
579.6
0.0
32.9
0.2
0.7
0.2
0.2
3016.8
0.2
169.2
2100.3
0.2
3329.0
0.2
152.6
0.2
1111.1
0.2
0.2
0.2
0.2
0.2
0.2
6.4
0.2
299.6
0.2
648.5
1145.1
0.2
1430.4
0.2
39.4
173.7
0.2
0.2
3419.5
0.2
0.2
0.2
744.1
20.9
0.2
0.2
1669.7
1953.1
2219.7
0.2
0.2
0.2
0.2
0.2
0.2
3419.5
3419.5
31.8
40.7
15.6
0.2
62.0
3370.8
0.2
0.2
3419.5
14.2
377.8
0.2
0.2
0.2
0.2
2612.7
0.2
0.2
336.0
3419.5
0.2
1612.4
0.2
554.2
0.2
3419.5
262.9
34.9
2255.7
3351.9
1448.2
181.0
1893.2
857.3
1331.3
641.2
0.2
0.2
185.9
0.2
317.6
11.6
2611.6
0.2
0.2
0.2
2267.3
1039.5
1462.7
650.9
3246.1
0.2
1138.7
0.2
0.0
176.1
41.6
0.2
45.8
1961.1
3.8
0.2
159.2
1104.4
924.5
0.2
3419.5
1606.4
1970.9
0.2
0.2
0.2
683.6
0.2
0.2
117.0
0.2
3419.5
174.4
0.2
0.2
1329.5
0.2
449.0
0.2
33.6
0.2
761.5
247.1
1351.5
0.2
0.2
48.9
0.2
3419.1
2780.8
48.0
2382.3
134.1
0.2
2241.1
0.2
97.2
13.8
1166.7
3419.5
0.2
3412.0
0.2
27.6
0.0
1953.1
0.2
1680.6
2544.4
554.0
163.0
2240.0
2105.4
5.6
0.2
536.2
2815.1
1263.2
0.2
826.9
2582.0
457.9
1701.5
132.5
1458.5
0.2
927.8
189.5
3419.5
14.5
0.2
45.6
3090.8
0.2
0.2
3419.5
0.0
26.2
0.2
0.2
2801.9
3419.5
0.2
0.2
1261.6
0.2
3419.5
0.2
0.2
2292.0
0.2
0.2
28.9
0.2
22.9
0.2
0.2
157.9
3254.7
0.2
441.7
0.2
0.0
0.2
0.2
3348.6
0.2
9.6
2453.9
1419.3
15.6
0.2
0.2
0.0
0.2
2232.4
563.1
1969.5
0.2
3419.5
3314.3
0.2
0.2
1225.8
0.2
0.2
0.2
0.2
856.2
828.6
2178.8
0.2
0.2
0.2
95.2
0.2
2239.7
0.2
2569.1
3414.0
473.0
69.6
0.2
437.2
23.6
0.2
1245.6
34.9
566.4
0.2
0.2
0.2
0.2
725.2
0.2
0.2
3419.5
0.2
1055.0
2282.7
0.0
0.2
0.2
0.2
1.1
2542.4
0.2
671.4
0.2
0.2
875.8
1019.2
2092.5
274.2
0.2
0.2
65.8
0.2
774.6
50.7
0.0
1112.2
415.4
1926.6
0.2
0.2
345.4
0.2
0.2
237.3
0.0
0.2
3419.5
0.2
0.2
0.2
0.2
0.2
86.5
3152.7
1826.1
0.2
3419.5
840.2
0.2
48.5
0.2
3419.5
0.2
0.2
1345.5
279.1
3419.5
2779.0
0.2
0.2
0.2
0.2
1076.2
1134.0
381.2
268.4
0.2
0.2
1471.6
3419.5
0.2
0.2
1639.0
380.3
885.6
0.2
1218.7
0.2
591.6
3042.1
0.2
0.0
0.2
426.6
0.2
0.2
0.2
0.2
0.0
0.2
711.7
0.2
3157.6
0.2
3368.4
0.0
497.5
3419.5
0.2
1102.9
769.9
0.2
0.2
0.2
2680.7
3419.5
0.2
364.7
0.2
0.0
1087.3
236.0
79.4
71.2
49.8
162.8
0.2
202.2
586.9
1255.9
3419.5
750.8
0.2
0.2
0.2
2562.2
0.2
779.9
81.6
0.2
3419.5
0.2
411.4
0.0
296.0
0.2
0.2
0.0
682.5
204.6
3419.5
0.2
0.2
0.2
2045.1
3419.5
0.2
810.0
0.2
0.2
926.7
271.8
0.2
2037.4
0.2
772.6
0.2
0.2
0.2
0.2
0.2
256.2
0.2
0.0
0.2
0.2
0.2
0.0
268.9
0.2
0.2
0.2
84.1
166.8
0.2
3419.5
712.3
453.2
0.0
1931.9
0.2
1.1
0.2
0.2
3413.5
0.2
0.2
2759.2
3353.0
0.2
640.7
3419.5
0.2
3359.9
0.2
0.0
0.2
0.0
0.2
3324.8
1084.0
2454.1
0.2
0.2
997.7
1249.2
0.2
1123.8
3319.9
0.2
0.0
845.5
3406.9
0.2
246.9
0.2
159.2
1938.4
0.2
0.0
264.0
3419.5
0.2
2715.2
201.5
0.2
1780.0
319.6
0.2
1885.5
279.5
1560.5
48.3
441.2
0.2
3374.8
28.5
762.8
0.2
0.2
0.2
0.2
0.2
0.2
0.2
845.3
0.2
6.4
0.7
201.7
1002.6
0.0
0.2
38.7
0.2
70.1
0.0
0.2
0.2
0.2
2993.4
3419.5
13.3
0.0
0.2
1.1
2620.3
0.0
0.2
0.0
347.2
1745.4
160.3
13.8
499.3
3419.5
303.6
0.0
0.0
0.2
351.8
736.3
1109.7
0.0
0.2
2819.3
828.9
125.0
44.9
27.6
0.2
673.4
3261.4
0.2
1783.8
0.2
292.4
0.2
0.2
357.6
1393.7
159.2
0.2
0.2
0.0
0.2
0.2
3419.5
0.2
0.2
3419.5
1899.2
3034.1
0.2
957.9
52.7
62.5
0.2
39.1
0.2
0.2
2202.2
0.2
2194.4
3236.1
0.2
0.2
0.2
0.2
475.7
0.2
0.2
0.2
0.2
0.2
1082.2
1083.1
0.2
0.2
12.0
0.2
0.0
104.7
937.8
0.2
0.2
0.2
0.2
209.7
775.5
0.2
355.2
0.2
0.2
1642.4
2066.7
3419.5
2645.8
965.4
1398.4
0.2
89.6
0.0
0.2
727.5
0.2
0.2
11.6
0.2
0.0
0.2
296.5
0.2
2992.1
3214.7
1497.4
0.2
2063.8
0.2
34.9
55.4
0.2
3419.5
41.6
3419.5
1023.0
2566.9
1137.1
90.5
0.2
117.4
858.9
197.7
3419.5
3419.5
3418.2
214.8
0.2
0.2
3419.5
1425.1
617.1
639.6
2113.4
0.2
0.2
1184.0
1111.1
0.2
221.7
0.2
3419.5
3419.5
61.6
3021.7
0.2
0.2
942.3
449.9
0.2
293.3
0.2
0.2
1578.8
3419.5
24.9
7.8
0.0
3419.5
3419.5
0.2
0.2
0.2
0.2
0.2
0.2
901.6
0.0
138.3
0.2
0.2
149.0
1370.0
339.8
3251.6
2136.3
1558.5
3419.5
316.2
3419.5
757.9
0.2
0.2
0.2
0.2
0.2
0.0
0.2
0.2
0.2
1365.5
0.2
0.2
497.7
0.2
0.2
220.8
0.2
30.0
1729.1
0.2
0.2
0.2
0.0
3419.5
1648.8
0.2
0.2
3133.8
0.2
0.2
2431.7
0.2
214.4
89.4
0.2
54.9
0.2
0.2
1487.6
991.4
5.1
0.4
0.2
6.2
130.1
2097.4
3419.5
859.3
68.7
0.2
2462.8
9.6
770.2
412.3
0.2
0.2
0.0
320.5
0.2
1839.4
0.2
0.2
74.9
0.2
29.4
1798.7
18.9
0.2
0.2
0.0
37.6
0.0
1535.9
17.6
0.2
0.2
201.0
0.2
0.0
0.2
511.3
165.9
