run,xign,yign,fuel,slp,asp,ws,wd,m1,m10,m100,cc,ch,cbh,cbd,lhc,lwc,firearea
1,1011.1,1303.0,27,6,45,0.8,245.5,27.3,11.1,28.2,85,3,0,23,72.7,75.9,0.0
2,-1494.6,1458.5,28,14,334,18.6,65.1,37.8,22.2,34.9,13,5,2,31,75.5,34.5,0.0
3,-255.6,-1812.4,8,27,209,17.7,69.9,11.3,31.1,5.3,6,4,2,38,30.3,87.6,94.5
4,1716.9,1148.7,18,1,246,17.6,12.5,17.6,11.1,33.3,75,0,0,6,72.2,61.9,0.0
5,-1894.1,147.1,20,17,199,11.5,47.2,24.7,25.3,13.4,12,0,0,21,59.4,30.7,0.0
6,18.8,1450.5,10,19,275,0.8,271.4,24.7,27.2,22.5,14,0,0,35,57.4,44.2,2.7
7,-1438.7,-1611.7,24,41,178,11.9,142.1,19.0,30.2,12.1,56,3,0,26,73.4,90.0,0.0
8,-1556.3,-876.7,25,8,342,0.4,157.3,6.3,18.5,22.6,19,4,1,25,40.6,65.5,0.0
9,-181.4,-559.6,17,18,50,23.4,80.0,29.7,7.6,5.9,51,2,0,16,74.2,33.7,0.0
10,1194.6,150.3,27,13,249,28.0,333.9,12.0,13.5,12.7,6,1,0,21,33.2,55.5,0.0
11,174.2,1320.8,13,14,360,7.3,6.0,36.8,26.9,12.0,13,5,0,18,85.7,83.9,0.2
12,-1763.5,1215.2,3,26,231,10.7,171.9,16.1,38.1,3.7,32,5,2,25,37.3,81.8,3419.5
13,289.8,-392.9,11,9,100,17.5,219.0,34.3,12.6,35.3,43,0,0,23,87.3,52.0,0.2
14,-438.2,517.7,34,2,299,29.3,0.3,33.8,3.2,25.7,0,3,1,3,78.4,61.0,0.0
15,967.0,1840.8,3,41,294,25.9,107.1,38.7,29.5,24.5,34,2,0,27,60.4,84.0,0.2
16,-481.2,382.5,16,33,73,21.7,89.4,38.5,17.2,16.4,75,5,0,1,79.7,73.2,0.0
17,-1247.3,-1001.4,19,40,32,28.0,244.9,5.4,36.5,39.8,3,5,2,35,39.0,89.9,0.0
18,215.8,1362.1,23,28,104,2.0,237.7,30.7,33.7,5.0,43,3,2,24,67.6,38.8,0.0
19,-1151.7,52.0,17,14,291,11.5,115.2,2.9,7.7,7.1,41,2,0,16,34.0,52.1,0.0
20,800.3,58.3,25,23,266,1.4,127.1,29.4,33.9,21.8,10,4,0,10,89.6,80.4,0.0
21,359.2,1377.0,19,24,183,13.9,139.5,22.5,24.2,35.3,42,2,0,15,96.1,86.2,0.0
22,577.5,-1907.3,12,36,151,6.9,45.8,16.3,36.3,7.5,98,0,0,29,66.2,81.4,0.0
23,1917.2,-1227.0,27,16,337,10.7,233.9,35.7,15.2,28.0,69,5,1,3,49.0,55.7,0.0
24,-1229.1,-175.2,3,32,75,29.9,31.4,11.9,13.3,15.1,81,4,1,0,74.4,75.5,3419.5
25,52.3,954.7,2,9,310,7.0,255.1,23.4,28.7,8.3,0,0,0,22,74.8,53.1,0.2
26,59.3,405.6,17,17,327,0.9,315.5,33.2,20.8,35.0,14,3,2,2,81.0,34.4,0.0
27,1623.1,155.5,35,43,16,26.4,50.0,32.8,16.6,23.8,96,0,0,7,39.0,60.4,0.0
28,1427.9,1427.5,27,42,86,12.6,126.6,26.5,6.3,20.6,73,0,0,7,36.5,87.1,0.0
29,1316.0,-654.8,20,33,287,2.0,127.5,23.0,38.8,39.1,20,4,2,39,95.1,41.7,0.0
30,1109.2,400.6,28,16,15,23.4,89.4,26.1,24.3,29.4,18,3,2,10,65.7,38.4,0.0
31,-170.0,-1416.3,21,4,266,13.6,176.8,20.7,31.4,26.0,65,0,0,36,95.8,82.5,0.0
32,-1760.9,1510.7,25,13,226,2.7,71.5,24.4,22.0,3.3,53,0,0,0,42.2,52.9,0.0
33,-1730.3,1739.8,19,8,31,30.8,12.0,3.1,12.6,24.2,1,4,1,25,91.0,81.7,0.0
34,-164.7,713.3,13,0,153,24.3,36.8,11.5,22.6,19.1,87,0,0,0,34.9,80.1,2405.2
35,610.5,811.0,25,18,338,4.7,31.5,11.0,13.4,8.2,35,1,0,2,62.2,71.2,0.0
36,-899.0,-475.7,5,34,186,22.1,190.2,21.2,14.4,29.6,16,0,0,22,97.3,31.7,0.2
37,1346.4,-1696.2,10,12,313,26.2,201.5,9.7,32.9,15.4,89,2,0,15,93.1,56.6,2044.3
38,926.9,-1024.2,18,35,15,19.5,30.3,12.2,31.9,3.8,85,2,1,32,91.4,41.2,0.0
39,121.9,1127.8,34,19,82,1.5,135.2,15.1,36.2,7.2,40,2,0,14,45.4,77.7,0.0
40,-1494.5,298.6,15,21,208,3.5,350.6,34.9,27.1,5.8,54,3,0,7,92.0,99.6,0.2
41,-1597.7,-1571.7,34,2,247,3.2,251.3,5.2,9.7,16.6,0,5,0,35,92.1,59.9,0.0
42,-90.0,1160.8,13,17,355,21.4,346.1,11.4,36.6,38.2,12,5,2,24,82.4,83.4,1270.3
43,-1049.9,866.8,2,16,205,16.7,113.8,3.8,14.5,25.5,40,4,0,26,69.7,63.4,1305.0
44,-308.8,1784.6,18,0,359,12.6,12.7,14.4,2.4,14.4,16,2,0,1,67.8,87.4,0.0
45,1030.8,-701.8,20,27,178,6.6,289.2,13.5,10.4,18.9,32,4,2,33,97.7,43.1,0.0
46,333.3,655.4,25,14,4,7.8,111.0,38.4,27.6,28.8,22,1,0,17,73.9,44.9,0.0
47,470.3,-681.1,11,0,218,6.9,319.3,36.5,9.5,28.4,34,1,0,23,63.0,71.0,0.2
48,-1760.7,-747.4,7,10,280,25.5,108.0,15.7,30.6,14.0,88,5,0,5,44.6,43.6,366.1
49,-445.2,777.7,22,15,53,14.9,37.9,21.4,13.9,13.9,32,5,2,40,40.8,30.3,0.0
50,-623.8,-894.2,32,2,87,23.5,50.7,21.6,11.7,25.2,41,4,1,21,62.7,94.9,0.0
51,623.1,1368.9,17,16,74,30.8,293.2,8.6,23.2,5.5,86,0,0,25,93.6,63.0,0.0
52,1184.3,-930.3,15,7,358,13.5,167.7,11.1,22.0,16.9,35,3,0,12,62.3,84.8,130.5
53,-1292.5,-1201.8,30,9,295,25.8,340.0,34.0,23.4,39.8,50,3,1,0,62.7,58.2,0.0
54,1209.9,380.5,24,28,327,24.7,321.2,34.5,10.9,18.0,24,5,0,39,86.9,79.9,0.0
55,-1346.3,-698.5,29,11,52,25.8,215.0,18.9,2.3,27.0,77,0,0,27,87.6,46.6,0.0
56,-460.5,-1055.6,16,28,197,18.1,5.9,3.5,8.5,8.1,40,5,2,39,94.5,45.9,0.0
57,-1530.8,516.1,6,22,229,3.9,357.8,25.3,38.7,38.6,10,0,0,17,51.0,95.9,0.2
58,-883.4,-1896.6,37,23,52,14.0,171.0,15.1,3.8,18.8,65,0,0,31,82.9,89.5,0.0
59,-1811.1,-1808.5,25,36,111,19.9,240.4,19.3,19.7,21.3,21,4,2,16,36.4,32.4,0.0
60,-891.7,-1679.6,31,25,328,0.4,73.1,17.9,32.3,18.4,70,0,0,4,73.9,76.1,0.0
61,-206.0,1400.2,16,20,341,15.1,41.6,3.3,34.2,9.8,14,3,2,21,71.0,90.5,0.0
62,-346.8,83.2,1,10,313,14.5,347.5,5.1,12.6,33.5,45,4,0,35,71.1,38.1,3419.1
63,-953.7,1146.2,26,3,266,23.8,140.3,27.2,17.9,8.1,15,3,1,17,41.3,68.3,0.0
64,680.8,-150.0,12,43,253,29.4,228.7,15.7,21.6,27.4,33,2,0,4,61.5,66.7,245.1
65,-280.8,-1738.3,33,8,36,21.6,5.7,38.3,13.2,4.1,1,2,1,8,78.0,90.0,0.0
66,-470.0,-71.0,18,16,276,2.9,264.0,32.7,13.2,4.5,83,2,0,32,81.4,95.7,0.0
67,-278.7,-1865.6,6,8,119,29.8,164.3,34.7,15.0,26.6,91,1,0,13,64.8,78.7,0.0
68,-53.0,473.8,18,30,260,0.5,309.8,4.9,24.3,12.6,30,3,2,27,90.0,94.6,0.0
69,-509.6,-533.8,32,45,317,6.1,213.7,34.7,2.9,11.7,92,2,0,18,73.8,50.3,0.0
70,-1583.5,-662.3,38,38,66,22.1,41.3,23.8,20.4,8.0,28,1,0,10,70.0,77.2,0.0
71,1470.3,1532.8,29,24,250,24.6,323.5,11.2,20.3,30.6,9,4,2,14,86.1,33.9,0.0
72,-1548.2,1159.6,29,26,79,8.8,83.3,8.3,29.2,31.9,70,5,2,13,41.8,97.6,0.0
73,-322.2,1426.8,39,21,9,16.0,24.3,19.2,11.9,33.4,1,2,1,21,46.3,56.8,0.0
74,-1306.0,1311.6,33,34,10,13.8,143.4,2.3,31.8,24.5,29,5,0,11,45.7,38.3,0.0
75,-129.5,1318.8,9,12,108,11.9,351.7,6.3,9.1,8.8,100,1,0,26,76.2,68.7,3253.9
76,-573.6,-1899.7,35,8,59,13.9,8.1,28.7,34.8,16.4,40,2,0,28,30.8,50.2,0.0
77,-24.7,362.4,37,4,177,16.4,346.6,38.8,15.3,6.9,3,1,0,5,93.8,63.6,0.0
78,-231.9,289.1,15,22,334,7.3,211.8,27.4,16.5,5.3,62,4,1,31,50.1,85.7,0.2
79,697.1,-1371.7,30,28,108,24.8,152.8,36.4,37.1,13.7,69,2,1,39,32.2,70.8,0.0
80,-782.1,-628.1,1,9,335,30.8,180.1,13.3,7.3,8.2,21,5,0,32,65.7,91.3,0.2
81,-885.3,1078.8,11,20,169,2.6,80.4,14.2,30.4,26.8,67,4,0,8,42.0,80.2,0.2
82,-1159.8,-1589.4,28,18,291,9.4,76.3,29.7,39.6,34.7,38,5,1,3,70.1,60.4,0.0
83,1816.6,-1901.1,6,9,221,14.0,0.3,32.5,16.4,37.1,36,5,2,2,80.9,89.2,0.0
84,-1420.3,1047.3,1,42,265,13.1,333.9,18.1,32.2,20.7,99,2,0,17,35.4,46.6,0.2
85,809.0,-1054.1,33,45,2,1.5,101.4,16.3,11.9,29.5,45,5,1,4,36.4,65.8,0.0
86,-307.9,-1220.7,30,40,269,17.3,330.2,22.5,5.1,31.0,41,0,0,34,31.6,98.5,0.0
87,868.7,1539.8,8,31,197,2.8,200.1,32.8,22.5,16.8,83,5,1,11,38.3,75.1,0.2
88,127.7,289.3,1,42,28,25.7,175.1,20.0,3.0,13.7,96,2,0,35,68.6,33.8,0.2
89,172.8,772.0,20,41,313,19.8,81.4,5.6,20.4,31.8,34,3,0,13,61.9,83.3,0.0
90,1449.9,-700.8,19,28,215,2.5,123.9,2.2,2.2,15.4,16,1,0,19,34.6,57.2,0.0
91,1402.8,-3.5,28,31,298,15.7,0.8,2.8,29.5,7.3,81,0,0,29,81.6,83.7,0.0
92,-474.8,647.5,18,10,81,17.9,198.8,36.8,19.3,8.7,2,0,0,24,46.0,64.8,0.0
93,140.5,1605.0,38,10,111,21.1,67.7,4.8,12.4,21.5,49,5,1,35,56.3,68.3,0.0
94,-1209.1,985.8,32,20,7,11.7,83.2,32.1,25.4,15.2,63,1,0,28,40.2,62.7,0.0
95,1051.8,-478.3,40,11,308,0.9,161.8,13.4,35.0,19.6,91,2,0,10,58.5,50.6,0.0
96,979.6,-752.2,33,0,240,15.5,127.0,24.1,5.6,2.3,29,1,0,25,75.9,84.1,0.0
97,539.4,-811.5,28,2,159,27.4,25.7,2.0,6.3,11.5,96,2,1,34,66.8,91.2,0.0
98,-127.6,-557.2,19,15,227,14.0,147.8,32.7,17.5,3.4,58,2,0,36,57.4,64.6,0.0
99,-448.6,1189.6,30,34,278,10.1,173.1,19.6,37.1,8.3,57,5,1,27,32.3,43.1,0.0
100,-850.2,-210.3,6,20,11,23.8,268.7,34.7,6.9,14.8,43,5,2,8,94.6,49.6,0.2
101,-945.7,-1255.7,14,14,191,8.6,112.9,28.9,7.3,13.9,80,3,1,22,85.0,80.0,0.2
102,769.7,291.1,28,21,139,12.8,200.9,24.4,6.8,15.8,28,3,0,40,65.0,77.6,0.0
103,1652.7,1614.6,18,36,322,10.4,259.3,20.2,33.3,13.9,17,4,1,26,45.5,77.3,0.0
104,1135.4,-776.1,26,5,283,24.8,267.8,7.7,5.9,34.2,48,3,2,18,36.4,84.2,0.0
105,160.1,1309.6,12,28,107,22.7,330.2,24.5,38.4,25.1,2,4,0,17,90.3,85.1,0.2
106,1053.0,-1909.6,10,19,294,17.3,58.6,37.8,13.6,7.0,89,5,1,25,88.2,69.3,0.0
107,-795.5,-451.7,1,25,285,22.4,0.6,3.1,33.4,7.8,12,2,1,23,31.1,50.0,3419.5
108,1119.0,-417.8,24,29,182,14.5,98.6,27.5,25.8,7.6,48,4,1,16,37.8,33.7,0.0
109,-1007.9,-409.8,35,24,237,3.4,150.1,36.6,2.7,15.5,84,3,2,33,42.6,41.2,0.0
110,1540.8,-1842.8,33,43,171,4.3,34.6,19.1,30.6,17.3,87,4,1,39,37.0,87.2,0.0
111,314.8,-1498.1,12,21,80,11.1,124.3,16.4,22.4,33.0,85,5,2,8,35.4,50.1,908.0
112,1619.2,297.7,15,36,144,30.8,141.7,31.2,27.5,36.4,6,2,1,13,97.1,83.9,0.2
113,-1069.7,-1071.3,19,17,231,20.9,209.9,15.1,38.2,2.2,25,4,2,37,75.9,65.7,0.0
114,328.8,-1630.9,38,23,256,3.8,352.1,33.6,26.9,19.6,91,0,0,28,85.4,68.8,0.0
115,-1229.3,-145.7,23,8,88,23.3,309.5,13.0,15.8,19.9,98,4,1,40,98.5,73.5,0.0
116,-565.6,1537.4,16,34,5,29.7,212.3,27.4,2.6,31.0,16,4,1,17,55.2,71.5,0.0
117,-938.2,-782.0,14,14,175,1.8,201.4,20.4,29.1,9.7,100,3,1,33,37.7,97.4,114.3
118,493.1,-1425.7,17,45,134,15.0,330.2,28.9,31.9,13.0,77,4,0,31,81.9,53.4,0.0
119,1664.8,1130.5,28,35,158,2.0,213.5,9.0,15.4,29.2,70,0,0,10,79.3,47.0,0.0
120,-1068.1,746.6,26,18,44,2.9,15.0,27.3,30.9,22.4,97,3,0,25,66.1,52.7,0.0
121,-1902.7,-931.5,36,3,225,11.4,291.0,12.1,6.9,25.0,68,1,0,2,44.0,59.4,0.0
122,313.3,104.0,12,22,314,4.0,207.7,30.9,10.4,12.4,20,3,0,25,78.1,45.3,0.2
123,254.0,651.8,31,28,19,23.0,96.6,25.3,30.9,39.4,61,5,2,33,92.4,56.6,0.0
124,-1503.4,-1583.3,35,43,147,19.3,273.3,17.1,18.6,20.9,60,4,1,24,59.9,48.2,0.0
125,1911.7,1459.5,23,29,15,14.1,300.0,26.1,6.6,5.1,84,4,2,23,33.5,41.3,0.0
126,32.3,531.3,29,16,76,12.7,129.7,10.3,11.1,28.0,53,4,0,6,42.3,67.7,0.0
127,982.8,921.3,10,1,326,24.7,67.0,2.9,12.2,26.4,100,5,0,9,49.6,96.6,0.2
128,-821.7,760.7,15,38,163,28.5,257.5,31.4,5.8,32.6,75,3,0,32,39.6,87.2,0.2
129,1721.7,-275.8,17,45,174,12.4,260.4,13.0,35.3,4.9,34,3,2,5,31.3,69.5,0.0
130,-1238.2,1730.1,4,20,110,5.6,287.5,36.0,14.9,23.7,38,0,0,29,71.4,68.0,0.2
131,-500.3,1300.4,2,20,213,11.9,47.6,39.9,39.9,17.2,96,3,0,16,75.2,40.2,0.2
132,285.1,360.0,38,32,68,22.5,237.3,19.7,39.7,10.8,71,4,1,25,99.4,62.2,0.0
133,1404.1,795.7,30,27,243,10.2,266.8,13.2,7.1,16.4,65,4,2,9,48.6,91.2,0.0
134,-1098.2,164.9,38,28,160,21.6,293.1,11.0,30.1,12.4,71,4,0,15,70.6,45.8,0.0
135,1546.8,1864.7,6,43,53,13.7,241.3,25.4,21.0,33.3,84,3,2,32,79.5,43.2,0.0
136,-17.6,-340.3,13,1,338,14.9,274.6,16.0,23.1,36.4,84,3,1,33,35.0,78.8,897.8
137,1174.7,853.0,11,6,208,6.7,211.6,26.2,14.8,4.4,26,1,0,9,51.7,34.9,0.2
138,-1571.4,1300.5,6,42,100,25.6,187.7,17.6,4.1,18.6,96,4,2,40,94.3,36.9,141.7
139,-1619.2,884.3,17,19,202,29.2,153.3,29.4,13.0,17.9,51,0,0,11,41.7,45.9,0.0
140,-1829.7,-625.0,27,35,353,16.3,253.3,10.1,13.5,37.1,93,5,1,20,52.9,41.7,0.0
141,612.7,215.2,11,17,15,16.8,208.5,22.0,25.6,32.5,11,4,2,22,70.4,90.9,0.2
142,536.9,-1803.2,39,3,304,1.9,26.1,13.4,4.8,33.7,29,5,1,2,56.3,44.0,0.0
143,476.7,1396.8,14,27,164,7.6,114.4,22.5,16.7,3.7,65,4,1,5,42.9,31.7,79.4
144,1787.3,84.5,39,33,146,25.3,291.3,12.7,2.8,3.8,94,4,1,11,95.6,53.6,0.0
145,-98.8,-802.8,34,11,110,3.5,28.1,5.5,25.6,10.7,6,2,0,23,54.3,83.8,0.0
146,-1711.3,1167.6,21,7,254,3.6,37.8,19.4,8.9,23.7,7,4,0,9,60.0,68.4,0.0
147,-750.7,345.0,32,4,75,9.4,117.5,30.1,30.6,35.2,9,3,1,39,42.2,55.3,0.0
148,1702.4,-1318.0,34,30,102,8.7,141.0,17.6,24.1,10.2,12,3,0,9,76.9,45.0,0.0
149,-524.4,1469.1,26,8,76,17.8,95.0,38.6,16.8,34.3,18,5,1,10,93.2,81.5,0.0
150,-407.3,-1554.5,31,33,162,24.8,214.0,24.1,39.2,25.7,33,1,0,23,68.2,37.1,0.0
151,-1794.2,-103.6,20,34,93,24.4,147.6,35.0,6.1,10.8,79,5,0,11,81.1,66.2,0.0
152,-482.0,51.2,19,4,13,20.0,201.5,9.2,16.9,22.4,33,2,0,34,37.7,65.8,0.0
153,-485.1,733.2,9,41,324,6.5,135.8,4.6,23.4,22.1,46,4,2,24,67.2,97.0,805.5
154,-1753.9,218.3,29,24,33,3.7,298.9,10.7,30.5,11.3,100,2,1,10,70.1,32.3,0.0
155,702.6,50.5,15,22,168,27.4,43.2,6.9,11.1,17.9,40,1,0,30,40.2,63.4,0.4
156,3.7,-1059.2,27,16,0,1.5,329.7,36.1,3.2,33.5,38,3,2,5,53.4,84.2,0.0
157,1318.8,1894.8,16,31,51,7.3,284.7,21.7,29.8,11.5,91,5,0,5,69.4,79.7,0.0
158,242.3,-1376.1,22,13,337,30.1,237.1,26.4,24.1,22.1,13,2,1,20,54.2,74.1,0.0
159,-1726.3,-244.9,7,44,320,17.2,213.0,2.6,27.4,26.4,62,5,1,5,56.1,85.0,0.4
160,-398.3,256.5,1,14,329,16.4,167.2,21.9,28.3,28.5,98,5,2,13,54.8,77.5,0.2
161,-1200.2,-1624.9,1,34,218,14.1,191.7,36.0,28.9,30.4,11,5,1,23,44.3,80.8,0.2
162,1091.3,-1826.5,30,37,100,17.0,54.4,7.7,20.9,4.9,25,2,1,9,73.6,78.5,0.0
163,1720.5,-1588.7,2,2,95,6.3,127.7,39.8,38.9,18.4,8,2,0,9,76.1,40.7,0.2
164,1904.7,-1214.0,4,28,176,10.1,198.2,19.3,26.8,28.2,52,5,2,10,49.8,44.6,0.0
165,1246.1,1751.1,30,22,224,27.9,190.9,17.5,34.2,23.1,93,1,0,2,53.9,79.1,0.0
166,-1513.4,-404.5,31,44,197,4.6,186.6,28.0,23.7,19.1,25,2,0,12,62.5,31.0,0.0
167,-1208.0,-713.1,8,39,256,13.7,169.1,14.8,3.9,29.3,25,3,1,21,39.2,62.9,199.9
168,90.2,1759.5,5,26,138,17.7,255.6,21.3,5.4,3.4,24,2,1,15,39.5,42.3,0.2
169,461.4,1369.7,17,2,138,28.3,268.5,7.3,28.2,8.4,73,0,0,18,90.7,91.7,0.0
170,481.8,774.0,14,36,128,1.3,340.2,25.6,8.1,30.0,73,5,0,37,40.9,71.0,0.2
171,53.0,1807.4,20,32,129,1.0,212.6,37.0,39.0,26.6,97,0,0,32,81.5,46.2,0.0
172,-1215.6,786.7,25,26,210,7.3,88.1,11.8,11.2,6.0,86,5,0,12,72.8,66.7,0.0
173,-817.9,-998.0,27,13,197,24.5,20.5,28.4,2.0,27.4,60,2,1,1,98.8,52.7,0.0
174,-961.5,-274.9,35,34,128,20.9,174.4,20.1,31.4,16.6,40,1,0,27,61.5,36.1,0.0
175,822.9,1558.7,40,0,357,19.0,347.2,18.4,16.3,28.7,87,4,1,6,69.8,46.4,0.0
176,472.0,33.2,29,25,268,6.4,89.4,32.2,38.2,11.3,14,2,0,2,69.8,82.5,0.0
177,777.6,-428.0,10,29,137,10.2,338.7,30.1,19.7,16.0,23,2,0,38,56.8,50.2,0.2
178,-183.5,-1647.8,2,27,196,26.1,266.4,15.1,38.5,33.3,15,1,0,8,48.7,82.5,0.2
179,1179.3,428.2,19,21,100,29.7,10.9,15.6,13.6,26.9,26,5,0,21,64.9,44.2,0.0
180,1860.3,-653.2,24,37,334,11.0,103.1,3.8,2.1,6.2,35,0,0,4,73.4,56.4,0.0
181,1048.2,-1611.7,15,12,285,8.5,81.2,12.0,24.7,39.6,3,0,0,18,84.0,70.0,727.0
182,-810.4,-299.4,3,28,275,6.0,91.4,32.2,38.7,26.9,82,2,0,16,77.7,87.3,0.2
183,-461.6,972.9,15,27,345,27.3,334.5,27.2,36.5,2.1,76,3,0,23,90.8,67.5,0.2
184,-1216.6,-1168.5,9,6,291,10.6,241.3,21.0,28.7,33.9,9,1,0,32,36.8,96.2,164.3
185,-1628.6,888.8,12,26,20,11.4,217.8,13.7,6.2,15.6,98,3,0,22,65.5,42.4,749.9
186,-113.3,1881.3,15,38,3,20.0,51.8,8.6,4.8,16.2,46,2,1,17,35.2,97.6,1233.8
187,243.8,385.6,30,36,6,2.8,340.7,18.0,32.2,9.3,92,5,2,10,67.8,63.1,0.0
188,1793.9,1893.6,21,13,182,16.0,323.9,10.1,27.7,25.0,52,5,0,9,86.0,58.4,0.0
189,860.0,968.3,1,36,309,10.5,351.9,10.8,28.3,19.4,26,4,1,14,90.4,51.2,2325.1
190,1880.0,-1854.6,25,15,157,23.9,308.8,27.5,13.1,6.3,45,1,0,39,59.9,65.5,0.0
191,-1199.0,88.4,34,33,21,12.5,9.5,6.0,11.1,12.6,36,1,0,36,90.9,78.2,0.0
192,1702.9,449.8,21,17,44,3.7,285.0,19.8,19.4,5.2,26,0,0,7,37.2,31.0,0.0
193,-1060.1,-341.3,18,12,340,18.9,150.7,29.2,5.8,6.6,13,1,0,3,84.9,35.9,0.0
194,113.2,-1549.6,22,27,246,14.3,234.0,34.1,19.4,7.3,31,3,2,30,33.9,42.8,0.0
195,1112.7,1136.2,29,40,161,17.2,7.4,38.7,28.9,19.5,49,4,0,37,98.8,95.9,0.0
196,1701.8,720.4,1,20,172,25.8,314.3,32.6,4.6,17.6,16,1,0,28,55.3,93.3,0.2
197,-973.4,713.2,31,42,234,11.0,104.3,37.0,29.8,21.5,47,1,0,33,59.1,37.5,0.0
198,-160.3,-531.1,34,18,331,1.7,330.1,37.5,29.7,13.1,33,4,2,19,65.3,83.2,0.0
199,404.8,805.9,34,21,144,25.2,107.5,26.3,21.7,34.7,23,1,0,15,83.0,84.5,0.0
200,-240.5,1520.7,32,29,17,3.4,358.6,37.5,35.3,35.8,90,0,0,2,99.2,32.1,0.0
201,-1133.4,1185.1,6,40,75,22.6,267.0,6.6,14.9,20.6,31,5,0,33,31.5,66.0,3419.5
202,-838.1,313.5,23,43,75,13.2,27.8,37.2,3.3,13.7,2,4,0,18,33.4,69.1,0.0
203,1824.8,234.8,22,19,106,9.8,73.4,17.9,34.7,15.6,80,3,0,35,70.3,84.3,0.0
204,7.7,-1327.1,40,6,338,15.4,308.6,23.9,7.9,27.5,49,1,0,31,30.3,45.8,0.0
205,1917.7,1469.5,9,39,286,21.5,298.0,14.0,7.9,38.9,78,1,0,24,81.2,84.5,0.0
206,333.1,1089.3,35,45,291,11.0,318.4,20.1,27.2,26.1,99,0,0,35,76.4,96.9,0.0
207,1116.0,-1519.3,31,29,173,27.4,286.9,35.7,28.4,10.4,56,5,0,32,60.9,38.2,0.0
208,1019.7,1350.6,5,7,83,16.8,192.9,15.5,6.7,21.3,78,5,1,4,88.7,52.4,175.9
209,-150.5,1166.0,34,28,251,17.9,332.8,31.7,31.2,11.6,98,2,1,17,69.2,91.9,0.0
210,1272.3,-1272.6,6,9,20,6.7,210.0,38.2,18.7,20.6,41,5,1,7,73.1,64.7,0.2
211,692.0,1688.9,40,0,276,3.6,198.0,16.0,17.7,27.4,96,3,0,1,96.8,32.3,0.0
212,-1685.7,1695.8,31,29,96,4.3,353.3,19.0,3.0,8.8,54,3,0,1,59.0,83.4,0.0
213,-84.0,1413.4,21,28,21,12.0,198.4,13.9,5.0,27.0,10,5,1,39,78.6,35.2,0.0
214,218.0,1496.8,13,35,217,27.0,253.2,14.0,26.5,2.7,100,1,0,38,33.3,75.0,662.5
215,897.3,-1127.7,8,10,314,0.4,334.1,34.0,18.6,35.1,48,3,0,11,92.1,41.1,0.2
216,-258.0,1105.6,11,37,255,6.6,65.3,29.3,25.6,15.4,42,4,1,18,54.7,70.5,0.2
217,-1899.9,334.2,16,13,93,11.4,102.3,26.9,25.0,16.1,81,1,0,31,89.6,96.9,0.0
218,-1499.2,1082.1,12,9,46,4.7,327.1,29.2,26.6,5.7,5,0,0,2,77.3,78.6,0.2
219,1332.6,1192.4,35,40,298,24.5,24.1,10.6,3.3,19.6,9,1,0,36,93.5,70.4,0.0
220,696.2,-1203.0,28,15,360,1.2,321.0,18.1,32.4,32.7,73,4,1,22,50.7,69.8,0.0
221,1799.8,-671.4,12,21,323,7.5,235.2,25.4,20.5,25.5,98,0,0,23,89.0,34.5,0.2
222,675.1,-414.1,16,9,174,1.0,97.0,29.1,2.4,29.5,9,0,0,38,44.2,91.0,0.0
223,577.4,518.9,9,21,169,14.0,350.1,18.7,18.9,23.2,52,1,0,11,88.7,48.0,0.2
224,-1620.6,1854.2,30,45,291,15.8,90.8,12.1,25.7,15.9,6,2,1,2,67.2,39.6,0.0
225,286.7,-1677.4,8,2,214,25.3,219.2,28.6,24.5,39.6,38,3,1,28,43.4,56.7,1.1
226,-1777.8,1576.8,6,12,207,12.7,247.0,34.0,20.5,4.8,21,3,1,34,48.2,57.5,0.2
227,1387.4,956.8,2,28,136,9.8,157.1,13.5,23.1,16.8,64,2,1,29,75.0,98.1,476.4
228,-1269.1,596.8,35,33,41,12.0,292.2,18.8,13.7,26.7,90,0,0,20,64.1,54.2,0.0
229,-908.2,-1120.4,6,16,97,27.8,182.7,27.4,8.2,28.0,44,5,1,11,70.0,70.3,0.2
230,672.8,1051.3,22,41,319,21.5,333.6,26.3,4.4,10.6,6,5,1,6,82.9,41.3,0.0
231,-1250.8,189.2,26,9,275,22.6,344.6,9.4,2.8,6.4,70,4,1,40,80.4,67.0,0.0
232,-846.3,713.0,11,43,172,19.1,159.8,14.0,38.5,24.0,58,1,0,19,50.7,32.1,0.2
233,-960.4,128.1,23,28,156,20.9,67.0,21.0,11.3,6.3,5,2,0,7,54.1,44.8,0.0
234,1359.3,-1040.5,9,29,99,28.6,176.6,6.5,37.4,29.4,46,4,1,32,66.1,99.5,2699.2
235,-1229.5,-408.7,19,45,65,14.3,1.2,18.8,19.5,11.0,26,2,1,1,30.2,47.5,0.0
236,-906.2,1125.9,4,5,321,29.6,279.9,2.3,39.1,4.6,67,3,2,14,37.6,69.1,3311.5
237,-533.0,1407.5,25,31,284,2.3,284.2,21.0,24.3,18.7,70,3,2,27,42.3,80.7,0.0
238,-551.3,115.0,33,31,307,26.2,345.0,12.1,19.1,16.5,42,4,1,16,73.0,83.5,0.0
239,1650.0,1646.7,26,15,318,7.4,333.3,21.2,8.3,39.3,21,2,0,31,77.1,65.3,0.0
240,1794.2,-1647.0,6,5,215,30.4,217.8,27.3,17.2,37.2,40,5,2,40,47.9,72.4,0.2
241,644.5,-78.9,39,15,259,7.4,39.3,14.3,12.6,17.0,9,0,0,25,65.4,69.4,0.0
242,1404.7,-1324.3,11,8,162,14.6,111.8,27.9,15.6,16.7,30,3,1,29,98.8,32.5,0.2
243,-792.1,-504.8,34,34,243,21.1,50.4,32.5,7.2,30.2,78,4,0,25,65.0,87.2,0.0
244,-1919.8,534.2,9,1,51,2.4,305.6,18.6,26.7,4.9,100,1,0,1,85.3,73.4,0.0
245,162.0,-1557.9,19,6,260,3.2,11.2,24.0,31.0,22.6,75,1,0,27,94.3,41.6,0.0
246,1130.3,-1368.3,23,30,104,8.0,312.7,21.5,7.5,4.7,13,3,2,18,78.0,89.5,0.0
247,-1027.7,-556.5,40,14,137,1.6,214.3,36.7,33.6,33.8,9,5,1,13,57.4,78.2,0.0
248,-1514.7,-1672.8,37,15,213,19.1,216.3,11.4,34.0,39.5,23,2,0,2,90.9,47.1,0.0
249,-615.8,-899.8,36,21,25,17.0,295.3,29.8,27.9,18.9,1,3,2,6,84.1,81.3,0.0
250,-927.7,-340.9,15,30,78,19.7,185.9,35.3,3.0,20.8,6,5,1,6,48.1,46.7,0.2
251,32.5,-1643.7,34,25,198,3.5,183.9,39.5,10.1,4.3,68,1,0,32,54.7,41.0,0.0
252,-742.8,828.4,3,10,97,21.4,262.6,8.3,31.7,2.4,94,0,0,5,64.8,83.3,3419.5
253,645.2,-755.1,23,31,339,4.0,238.2,31.2,23.2,2.1,90,5,0,5,31.2,41.3,0.0
254,1244.3,-231.4,27,38,1,4.7,357.4,10.9,31.8,35.7,3,3,1,30,59.7,91.6,0.0
255,1421.4,-1685.3,32,32,295,21.1,331.4,28.9,30.7,39.5,62,4,0,9,50.2,70.1,0.0
256,-1520.3,1841.5,6,12,23,19.5,237.8,10.4,5.4,16.5,42,1,0,23,80.0,97.7,912.7
257,1159.4,-1215.4,11,30,257,0.7,211.7,30.0,7.3,15.6,23,0,0,23,59.9,73.1,0.2
258,607.9,678.8,35,39,350,25.4,324.8,24.7,12.7,14.1,80,2,1,10,49.7,57.6,0.0
259,-36.0,-1017.9,10,40,5,25.6,40.5,22.7,8.0,20.3,78,4,1,19,58.6,30.3,230.0
260,-886.8,1213.3,6,38,1,25.6,147.0,5.1,22.6,20.5,92,3,2,13,96.2,87.4,644.1
261,40.9,-1646.8,17,13,26,11.7,185.1,26.2,30.6,38.4,24,3,0,7,56.4,51.2,0.0
262,-377.7,208.7,32,30,120,19.5,175.3,28.9,21.9,30.8,1,4,0,14,84.4,77.2,0.0
263,672.5,-1272.0,36,21,73,7.7,240.7,18.7,15.3,10.9,12,1,0,22,68.4,36.1,0.0
264,573.1,1846.5,17,41,276,28.8,191.8,36.1,12.8,8.0,57,5,2,19,99.5,63.6,0.0
265,-739.0,1348.0,22,6,355,9.2,265.5,26.2,5.3,33.9,100,0,0,20,95.9,85.0,0.0
266,-307.9,355.4,5,30,153,18.4,127.0,12.2,10.4,11.1,56,3,2,15,55.3,30.8,1019.2
267,-1685.0,36.9,39,29,212,17.1,162.1,29.0,12.9,13.4,57,0,0,15,41.0,73.1,0.0
268,459.5,615.4,17,40,0,5.7,100.0,37.0,29.0,35.6,86,5,1,32,41.8,56.1,0.0
269,-616.1,-1659.9,4,22,200,12.6,94.8,37.0,27.3,13.5,74,2,0,14,89.4,53.8,0.2
270,1519.9,-1864.3,25,30,111,8.8,240.1,11.5,38.4,28.4,34,0,0,14,69.1,85.7,0.0
271,285.0,526.6,23,40,14,12.9,107.0,3.1,4.1,18.7,12,2,1,5,35.4,74.3,0.0
272,921.9,-871.2,3,12,65,11.0,249.6,35.2,32.2,13.9,87,2,0,8,97.7,52.5,0.2
273,1018.6,1747.2,17,41,277,26.3,122.7,4.4,23.8,26.3,88,0,0,17,73.5,58.5,0.0
274,-328.5,-1811.5,22,25,226,9.1,334.1,17.7,28.0,36.2,79,0,0,26,42.5,91.8,0.0
275,1129.9,120.7,35,6,151,29.3,74.7,17.4,12.3,23.5,90,4,1,16,98.7,44.4,0.0
276,1469.2,598.2,37,24,155,17.1,105.7,20.6,15.7,20.0,34,0,0,14,87.6,94.5,0.0
277,1639.8,1882.2,35,19,303,19.6,84.7,19.7,39.0,10.8,100,0,0,32,64.4,96.6,0.0
278,76.6,-956.6,31,33,221,18.6,348.5,19.3,2.3,39.8,19,1,0,8,83.9,96.7,0.0
279,-1681.4,-203.6,2,1,94,27.2,32.7,4.5,4.4,34.8,85,0,0,9,66.9,70.7,1365.1
280,1794.3,-1816.1,2,14,253,19.6,246.3,32.1,38.8,16.7,70,2,1,33,40.8,83.6,0.2
281,-1178.3,-246.9,31,18,349,19.8,123.0,9.5,38.0,16.3,35,3,1,17,97.9,79.0,0.0
282,-323.4,-1254.3,8,11,70,20.2,150.0,22.3,6.8,2.7,31,5,2,9,47.4,63.5,122.8
283,341.2,124.9,35,34,112,14.3,357.8,21.4,33.1,36.1,9,0,0,29,76.2,32.5,0.0
284,114.1,384.3,26,45,212,7.7,114.8,6.5,33.8,36.8,41,5,1,40,56.1,99.1,0.0
285,372.0,688.0,36,31,23,17.9,110.2,2.8,34.2,36.5,95,4,1,17,63.2,50.8,0.0
286,-1378.1,-1126.3,25,40,182,21.6,336.9,33.9,39.0,25.0,74,1,0,40,32.8,40.5,0.0
287,-1803.2,-1234.4,4,41,45,18.9,351.0,36.5,17.6,26.5,22,2,1,32,88.9,57.5,0.2
288,60.3,1117.1,9,41,302,25.7,338.5,10.7,37.7,14.4,1,4,1,25,55.4,37.4,888.5
289,-1602.8,281.9,26,14,66,6.6,160.8,36.9,8.3,32.1,100,1,0,16,81.6,43.9,0.0
290,-943.4,-1104.7,24,23,43,27.0,89.3,37.1,36.4,36.0,50,4,0,32,41.2,34.8,0.0
291,168.7,-196.2,28,11,111,28.1,130.4,5.0,14.3,24.2,59,2,1,31,84.3,60.9,0.0
292,-536.0,115.1,14,28,268,18.0,24.2,3.5,20.8,39.8,94,1,0,5,35.7,82.6,1612.4
293,1702.0,-1338.3,6,11,154,11.7,60.9,35.7,7.4,7.2,64,2,1,27,77.7,58.6,0.2
294,-1491.9,1517.3,11,29,145,13.4,300.9,32.9,9.1,6.0,23,5,1,20,30.6,92.8,0.2
295,221.1,1903.2,27,12,121,25.0,321.5,39.1,20.0,18.1,27,0,0,7,79.6,31.9,0.0
296,786.7,-400.2,17,10,197,4.9,190.8,10.0,4.7,34.2,49,5,2,4,72.8,82.9,0.0
297,-1801.0,-1551.7,40,11,211,25.7,313.8,13.5,2.8,24.3,21,2,0,39,97.1,58.6,0.0
298,-1557.2,-1604.8,15,43,54,1.1,71.2,23.0,36.0,28.5,18,5,0,7,74.3,86.4,39.8
299,-1310.1,538.4,25,4,23,9.1,42.0,28.0,22.8,15.9,79,4,0,28,33.8,81.7,0.0
300,1481.5,-1632.3,10,37,194,7.1,17.9,14.8,28.4,29.0,22,1,0,15,64.2,39.6,1080.2
301,-1812.9,-1691.1,6,17,253,4.9,320.0,10.4,29.9,6.5,79,5,2,29,52.6,30.8,772.6
302,519.4,1834.4,33,37,261,6.9,301.3,12.1,25.1,32.8,59,0,0,29,64.9,88.9,0.0
303,66.9,-646.6,1,42,152,5.7,318.8,8.2,30.6,27.7,97,3,2,31,35.9,64.1,3419.5
304,395.9,404.8,35,10,191,30.5,279.4,38.1,9.9,19.5,5,5,0,30,68.3,79.1,0.0
305,370.5,73.3,40,32,55,16.7,10.9,32.0,28.0,4.9,47,1,0,12,54.9,51.9,0.0
306,-1603.2,-1402.1,31,22,143,3.4,297.6,6.7,11.7,11.2,18,0,0,12,60.1,46.9,0.0
307,217.2,-1089.7,16,12,357,30.5,166.9,25.4,15.5,11.3,7,2,0,27,47.6,93.8,0.0
308,-581.5,1841.0,32,5,251,19.1,291.9,31.6,12.3,10.1,6,1,0,22,83.1,72.1,0.0
309,1862.8,-1435.5,31,30,226,26.6,233.0,29.3,12.3,21.5,40,1,0,0,42.1,92.1,0.0
310,-773.2,1793.5,7,29,307,1.2,207.8,35.7,9.7,8.5,84,5,0,16,52.8,87.9,2682.7
311,1521.5,-52.6,37,27,260,16.4,275.0,22.0,4.8,8.8,67,2,1,18,96.0,92.4,0.0
312,-921.5,-435.1,7,28,111,14.1,171.3,12.1,7.5,2.5,44,5,0,35,67.2,77.4,1192.5
313,1519.0,1298.1,24,42,260,5.2,151.2,19.5,18.3,39.2,56,2,0,19,100.0,78.8,0.0
314,-1795.7,-411.9,20,41,85,15.1,79.8,5.3,28.7,21.2,59,4,2,3,52.7,71.5,0.0
315,-230.9,-1227.3,15,22,183,12.8,164.4,34.8,20.1,36.2,48,5,1,2,42.5,75.8,0.2
316,1170.4,-922.0,22,10,17,30.3,25.2,37.1,20.9,22.6,25,4,2,0,90.2,61.4,0.0
317,398.5,1598.3,3,9,71,8.2,48.2,11.6,21.3,32.4,65,4,0,36,83.8,98.3,3419.5
318,-540.9,69.7,40,38,209,15.0,203.0,29.1,18.7,32.3,39,4,1,22,61.3,46.5,0.0
319,777.2,-1512.2,1,25,247,8.6,227.0,23.8,16.3,17.1,100,1,0,6,31.5,76.4,0.2
320,-345.2,384.1,2,17,356,26.7,40.8,2.9,21.5,39.0,65,5,0,12,79.8,78.2,2857.1
321,967.5,333.3,1,11,132,11.7,326.0,5.2,22.9,32.5,100,2,0,10,48.7,99.1,3419.5
322,1332.8,1178.0,12,27,39,0.3,273.2,21.2,29.3,5.1,11,1,0,20,34.8,85.7,0.2
323,1151.2,-1889.3,27,25,353,5.4,110.3,12.7,24.0,33.2,3,4,1,25,55.7,39.1,0.0
324,930.5,-328.6,37,42,155,26.7,133.9,10.8,6.7,24.8,4,3,2,27,93.0,80.1,0.0
325,750.0,-535.8,14,18,100,5.8,28.2,34.1,27.0,20.7,18,3,2,14,80.6,71.9,0.2
326,1019.8,-93.0,11,39,160,6.2,294.4,31.6,24.1,17.8,49,5,0,16,53.1,51.1,0.2
327,1679.1,-235.9,19,17,34,14.5,133.5,3.2,39.2,38.2,22,5,2,1,81.0,75.1,0.0
328,-7.4,-465.0,34,28,186,1.8,20.4,37.6,19.8,24.5,17,3,1,7,79.8,48.3,0.0
329,1.8,837.3,20,36,91,23.3,223.5,5.6,28.4,6.1,45,0,0,3,55.1,75.7,0.0
330,-1051.2,1197.9,33,13,44,10.2,74.2,10.9,6.7,18.4,85,4,2,12,85.2,40.5,0.0
331,1573.7,-371.3,38,33,80,30.2,256.5,13.2,25.7,35.2,64,2,1,34,76.5,95.3,0.0
332,1452.5,-993.1,24,13,230,22.1,245.3,11.6,3.6,4.2,89,0,0,29,91.1,93.5,0.0
333,248.1,1463.0,20,34,23,12.4,58.5,7.4,6.2,10.9,69,4,2,38,80.8,44.0,0.0
334,1905.2,-612.9,31,14,97,19.7,139.9,7.2,22.5,10.9,26,1,0,32,34.4,91.7,0.0
335,1848.5,-848.4,12,19,101,23.2,220.0,32.1,33.3,29.5,98,4,0,19,59.7,99.4,0.2
336,1601.3,126.2,30,38,241,19.8,152.9,23.9,28.5,26.4,91,2,1,15,58.6,47.9,0.0
337,271.3,1792.3,17,12,5,25.4,300.1,20.8,20.0,39.0,88,0,0,5,66.9,90.8,0.0
338,-1070.1,-124.6,4,1,147,0.4,217.4,24.7,6.3,3.1,69,3,1,31,41.9,61.8,0.2
339,475.0,-795.6,3,29,38,26.0,100.1,29.8,22.7,8.1,83,5,1,27,91.1,67.4,0.2
340,-1113.3,-687.7,35,4,241,19.7,353.0,12.7,37.5,37.7,9,1,0,2,40.0,72.1,0.0
341,1363.4,-719.5,11,45,78,24.2,214.5,18.3,16.8,35.4,82,3,2,25,39.2,79.0,0.2
342,-134.0,-297.6,1,19,294,23.0,343.0,4.5,25.9,4.0,4,1,0,20,63.1,36.8,0.0
343,-1274.8,-1494.9,37,33,124,18.8,18.0,39.4,15.8,37.0,31,0,0,11,89.5,38.4,0.0
344,1095.7,1132.8,6,13,191,28.9,139.9,29.2,34.4,39.8,46,3,2,28,74.7,95.6,0.2
345,1367.0,-1399.4,36,9,327,13.8,197.1,19.5,11.4,8.7,94,2,0,33,68.6,90.2,0.0
346,-1879.7,1872.0,11,32,160,25.8,264.5,30.0,39.8,6.6,98,4,1,9,39.4,94.8,0.0
347,-332.9,281.2,24,8,145,2.9,92.8,18.5,5.4,29.8,85,5,1,14,54.3,92.4,0.0
348,-678.0,-1855.5,24,31,357,16.3,142.2,16.2,26.6,28.7,74,4,0,17,75.7,39.2,0.0
349,106.0,1344.9,37,44,248,21.5,233.1,29.8,37.0,4.5,17,3,0,25,48.4,33.1,0.0
350,-1014.4,-639.1,34,34,149,12.0,181.1,20.4,37.3,32.3,90,5,0,32,80.7,70.4,0.0
351,1113.6,-798.1,29,38,168,22.1,344.3,33.2,22.6,35.2,25,4,2,24,98.3,64.2,0.0
352,-1431.1,-1170.3,20,39,43,2.1,323.2,14.9,22.7,10.6,1,5,1,12,52.8,43.3,0.0
353,950.8,-1918.2,19,37,231,6.0,124.9,24.5,22.9,17.5,39,4,1,34,67.0,63.4,0.0
354,-695.6,-1691.3,32,43,184,7.0,356.6,32.7,31.6,7.3,75,4,0,21,49.3,76.9,0.0
355,1478.7,-1265.5,29,11,135,13.1,142.2,14.5,25.2,21.1,57,1,0,7,97.0,79.1,0.0
356,-454.4,1449.3,15,16,272,14.6,102.0,29.5,4.8,22.8,15,2,0,5,88.2,45.7,0.2
357,1522.0,1393.0,23,43,99,17.0,266.7,9.0,5.1,23.3,7,0,0,32,36.8,95.2,0.0
358,-487.6,-1281.3,22,11,347,1.4,272.6,34.8,33.3,16.5,70,4,2,13,90.0,46.2,0.0
359,-393.3,994.0,7,31,308,11.3,80.7,21.3,16.7,28.4,32,1,0,33,74.2,68.2,3189.1
360,-1746.3,-1793.7,33,12,196,25.3,125.3,39.5,33.8,30.3,81,2,1,30,68.0,56.3,0.0
361,245.4,591.7,28,22,27,11.9,334.4,25.0,23.8,16.9,40,0,0,30,67.0,59.2,0.0
362,-771.1,-1347.5,10,41,98,15.7,44.3,15.8,31.5,33.1,21,3,2,31,44.9,89.3,373.8
363,-718.7,1081.4,8,13,100,0.5,27.9,9.3,2.9,3.5,97,4,1,18,69.7,37.9,64.0
364,687.9,19.5,30,26,256,25.5,47.9,7.7,33.5,30.0,0,0,0,32,85.9,49.4,0.0
365,-497.1,900.3,15,6,24,21.6,335.5,11.0,20.4,11.3,2,1,0,10,73.6,56.2,2161.5
366,1520.8,-610.7,24,1,347,26.1,292.2,34.7,2.4,35.8,65,1,0,31,56.4,100.0,0.0
367,-1336.9,-662.4,5,9,128,8.9,344.4,3.3,37.8,16.9,25,1,0,23,78.4,84.8,1592.8
368,-1770.5,-624.3,6,3,95,20.0,103.3,23.7,23.3,4.4,71,5,1,34,81.5,38.5,86.1
369,-1719.7,896.8,25,31,161,3.9,171.5,5.0,35.8,18.3,90,5,2,38,71.9,63.3,0.0
370,668.0,56.3,5,38,353,12.9,266.0,16.8,34.8,23.0,22,0,0,40,83.3,69.9,897.1
371,-265.8,-1706.4,3,2,52,5.8,258.2,4.1,12.7,29.3,32,5,1,22,92.9,52.0,3419.5
372,99.9,782.6,15,7,50,6.6,340.1,31.6,20.7,31.0,33,0,0,4,57.5,47.1,0.2
373,1065.8,418.8,24,13,127,6.7,85.5,21.4,15.1,5.4,93,3,1,20,97.2,40.2,0.0
374,1802.3,303.4,20,10,4,6.8,36.1,18.7,12.0,23.9,36,3,2,38,52.0,52.2,0.0
375,638.3,-1470.6,6,27,335,13.3,251.1,18.7,35.2,30.8,43,4,0,36,55.1,50.7,670.3
376,1883.0,1502.2,7,26,93,1.2,26.9,11.3,36.5,29.8,45,1,0,26,37.5,36.5,3419.5
377,917.6,-714.5,33,45,220,2.9,311.9,36.4,7.9,15.5,67,0,0,38,71.5,47.2,0.0
378,491.8,1674.4,17,31,332,14.5,251.8,24.9,17.8,9.6,29,4,0,21,74.2,69.6,0.0
379,1675.2,-657.0,26,25,68,11.0,286.5,2.0,38.8,6.7,60,3,1,19,74.7,47.7,0.0
380,-101.3,-748.5,36,8,209,14.5,281.7,24.8,21.1,27.1,24,2,0,21,59.4,63.9,0.0
381,-1136.7,79.6,6,8,36,18.5,288.2,6.4,38.8,29.4,38,3,0,40,43.0,53.0,2085.4
382,841.6,-1860.2,25,11,120,30.2,328.9,2.8,8.0,13.5,45,4,1,31,90.2,89.8,0.0
383,-1067.7,-1695.4,18,28,78,12.9,359.1,23.2,10.8,38.6,30,1,0,3,75.2,44.9,0.0
384,1080.6,1321.5,20,25,292,18.5,356.6,5.4,7.0,34.6,8,1,0,36,39.2,73.2,0.0
385,735.9,87.8,5,16,54,10.6,269.8,18.4,25.7,20.1,99,5,0,8,63.8,87.6,102.7
386,-1234.3,-611.2,2,14,84,14.8,12.9,11.1,30.0,12.5,42,2,0,23,36.7,49.2,601.4
387,873.0,-947.4,17,24,340,26.9,231.4,31.0,33.8,30.8,16,3,0,28,99.4,61.3,0.0
388,1869.8,-133.9,40,24,225,20.8,268.7,28.1,15.6,3.3,97,2,1,6,79.7,67.6,0.0
389,-1720.7,-970.8,13,25,164,19.0,316.0,12.2,31.2,26.2,51,1,0,2,59.9,74.8,681.4
390,1310.8,1468.7,13,33,355,28.5,80.5,25.8,22.6,18.6,60,3,1,21,56.9,34.4,16.9
391,1399.1,1596.3,35,0,265,25.3,34.5,28.9,30.9,24.6,33,3,2,4,84.7,67.3,0.0
392,-468.7,-1176.8,27,33,326,28.6,191.2,18.2,18.4,37.9,89,5,0,14,90.7,87.0,0.0
393,-350.9,1146.7,5,41,348,19.6,225.9,36.4,13.1,18.6,19,3,1,35,84.7,70.4,0.2
394,-1725.1,781.1,24,27,220,18.9,314.7,23.0,11.5,9.6,37,1,0,40,62.7,78.5,0.0
395,196.7,645.2,13,29,109,24.3,229.6,15.0,4.7,28.4,25,1,0,10,58.4,69.8,1606.1
396,-191.4,-1886.9,24,16,135,6.2,255.9,33.4,36.6,34.0,55,5,0,6,75.3,68.2,0.0
397,-689.6,481.2,31,21,325,29.5,30.6,13.8,33.7,15.7,73,4,2,22,40.8,77.5,0.0
398,1048.9,-1815.8,21,44,182,13.8,107.7,19.2,38.5,15.0,22,3,0,14,83.6,53.4,0.0
399,-1269.5,-876.4,40,16,192,26.8,167.4,20.4,22.5,25.2,65,0,0,37,67.3,70.7,0.0
400,-398.8,840.7,34,15,50,4.0,256.1,21.5,6.9,31.9,45,2,0,39,99.8,54.8,0.0
401,1640.6,1779.5,36,39,322,9.4,77.8,12.8,22.9,18.6,0,2,1,33,76.3,55.6,0.0
402,1733.2,-1128.3,2,28,220,26.6,107.8,23.0,25.2,5.3,87,3,1,20,50.4,77.1,0.2
403,1457.3,-421.8,30,36,196,8.7,358.5,23.2,27.7,3.6,47,2,1,3,65.4,48.8,0.0
404,1608.4,-112.1,40,23,32,10.3,42.9,20.0,6.9,39.9,86,0,0,34,37.1,70.2,0.0
405,1270.6,-264.8,7,38,218,27.0,12.9,22.9,20.9,22.6,33,5,2,39,98.9,52.2,1283.2
406,1157.0,-1414.8,12,19,354,11.5,258.2,26.0,18.3,36.4,34,3,2,21,88.3,72.0,0.2
407,1591.4,-1227.2,17,15,35,3.2,123.4,36.2,8.6,21.8,41,2,1,34,33.9,95.6,0.0
408,-1203.5,-119.5,1,37,327,11.6,274.3,33.3,32.1,36.5,92,1,0,16,80.0,93.2,0.2
409,86.1,224.5,15,16,200,26.9,293.7,37.9,18.9,10.2,81,4,1,39,91.5,68.4,0.2
410,1701.0,-1179.5,22,14,108,5.3,346.5,27.8,38.2,19.4,56,3,0,35,62.8,95.2,0.0
411,1417.8,-1433.2,23,39,52,4.3,223.4,12.2,21.8,20.9,67,1,0,40,97.4,55.5,0.0
412,-1691.5,-1222.5,13,0,73,10.5,251.6,16.2,2.1,9.5,11,0,0,0,98.9,93.5,3095.7
413,715.1,255.1,11,36,299,7.2,225.1,32.1,12.2,12.0,48,3,2,20,38.5,82.5,0.2
414,-772.6,-1417.5,36,44,90,29.9,44.6,2.7,9.8,26.4,76,3,2,28,36.1,99.9,0.0
415,75.4,267.5,39,40,302,0.7,347.7,3.1,15.1,5.5,25,5,1,20,37.8,48.1,0.0
416,-967.1,1394.1,34,35,230,21.0,176.7,2.1,2.7,5.7,18,1,0,9,41.6,63.3,0.0
417,-1829.4,1264.6,21,20,186,18.8,4.8,14.6,38.5,21.0,18,4,0,23,42.1,52.6,0.0
418,514.4,225.3,8,28,97,30.3,73.3,10.8,2.5,31.9,79,3,0,3,63.6,85.7,751.7
419,-669.6,1267.3,33,45,141,20.2,140.9,5.0,21.1,8.2,20,2,0,16,41.3,95.3,0.0
420,1365.4,296.1,26,27,158,27.7,79.1,34.0,31.1,5.2,12,2,1,3,75.3,94.7,0.0
421,-699.9,-1190.4,22,4,135,15.3,117.1,10.5,3.2,9.1,8,1,0,12,81.1,49.9,0.0
422,-709.4,370.6,5,19,30,6.0,67.2,25.2,3.8,21.6,11,0,0,17,61.0,67.4,0.2
423,-1549.6,1333.7,13,6,203,11.1,247.9,4.7,18.5,22.8,38,0,0,4,55.1,34.5,1387.5
424,-241.9,-503.1,7,9,276,11.9,116.1,28.5,10.1,22.1,25,4,1,17,95.0,82.5,1607.7
425,-1676.8,74.3,9,4,35,4.1,301.5,4.3,6.6,30.3,84,1,0,7,30.9,96.2,1795.6
426,1179.2,-163.9,28,14,200,30.4,196.4,27.8,29.7,6.6,78,1,0,28,60.7,59.4,0.0
427,-733.6,-575.3,25,22,354,9.5,50.3,37.3,21.5,5.7,49,3,0,2,77.4,59.7,0.0
428,-1760.5,-1837.8,9,25,113,2.3,270.4,5.7,19.4,12.5,77,3,2,3,51.3,65.9,0.2
429,-498.3,251.3,21,8,171,0.5,134.3,7.3,34.8,31.3,4,5,1,8,68.1,45.9,0.0
430,-1876.7,966.3,15,3,99,3.0,232.7,4.7,25.3,18.7,95,1,0,23,40.3,92.6,1009.9
431,-528.8,-1322.5,28,26,104,15.4,129.1,18.0,39.6,7.9,48,1,0,34,85.3,76.7,0.0
432,-870.6,-9.4,30,15,159,24.6,358.0,32.8,2.6,29.0,80,2,1,27,48.0,49.9,0.0
433,-1519.6,472.5,38,38,22,26.4,311.8,22.6,7.7,23.4,95,2,0,32,59.3,91.8,0.0
434,-1366.2,-61.5,20,4,106,22.6,45.1,5.7,18.5,25.1,85,1,0,17,83.7,74.1,0.0
435,1165.7,805.0,23,22,165,20.0,51.5,32.0,17.2,14.4,26,5,2,6,34.2,36.3,0.0
436,-1425.4,10.5,19,35,196,23.8,200.0,26.9,11.1,33.0,13,5,0,36,67.1,48.4,0.0
437,100.8,1152.6,22,38,117,8.3,302.7,11.7,7.5,36.6,50,1,0,16,94.7,79.4,0.0
438,290.8,1775.1,4,16,192,8.6,54.5,31.1,21.8,26.4,36,2,0,8,47.2,78.4,0.2
439,147.2,-1453.1,21,23,41,29.7,343.5,17.9,17.8,20.5,38,4,0,39,98.2,39.3,0.0
440,-94.5,-1352.8,32,45,172,7.2,53.2,20.0,9.5,27.9,69,5,2,27,52.4,62.3,0.0
441,-1430.9,-867.4,37,1,268,28.8,226.6,17.4,37.1,33.6,56,1,0,5,96.7,73.6,0.0
442,-707.6,7.4,28,1,344,4.4,76.9,37.6,12.8,20.2,60,2,0,38,31.1,80.3,0.0
443,-1671.7,-746.8,13,12,126,5.9,221.5,15.1,24.9,16.1,77,1,0,3,74.1,87.0,2067.4
444,52.0,-1075.0,14,2,27,19.2,131.2,29.0,20.8,26.5,16,1,0,30,55.3,86.6,0.2
445,225.8,-517.4,27,24,315,29.2,343.7,4.1,22.8,36.2,93,5,1,0,76.9,78.0,0.0
446,-528.7,1570.4,17,43,35,4.6,103.5,35.4,24.8,9.0,94,0,0,32,60.2,42.8,0.0
447,827.9,-965.3,5,39,258,10.7,345.9,20.4,12.1,15.8,7,5,1,27,65.3,68.7,0.2
448,-1467.6,-248.2,32,25,335,22.2,201.3,21.4,32.4,12.5,34,0,0,23,48.9,62.3,0.0
449,-287.9,-649.0,6,13,302,21.6,327.7,15.1,39.9,13.7,86,2,0,24,71.6,83.9,861.1
450,351.4,1015.3,14,30,178,28.2,145.6,15.2,34.0,35.5,100,5,0,2,52.3,87.4,421.2
451,1884.9,-90.3,32,45,305,13.6,113.1,14.8,7.7,23.8,61,0,0,40,95.6,69.4,0.0
452,-209.2,1793.4,23,24,328,17.1,357.5,16.7,17.4,16.0,15,2,1,29,90.4,58.8,0.0
453,1131.9,344.8,7,22,201,17.5,303.3,33.7,34.8,26.9,97,4,1,11,72.9,78.2,906.3
454,317.0,218.8,32,4,2,9.6,103.6,20.0,3.2,3.3,36,3,1,37,82.7,41.3,0.0
455,-972.0,-456.1,8,16,85,7.8,338.2,37.9,24.4,38.4,48,1,0,26,69.7,90.4,0.2
456,1051.7,-817.1,18,11,189,22.8,90.6,21.8,21.0,20.0,44,5,1,40,45.4,93.3,0.0
457,-1366.1,-47.9,25,41,150,13.7,66.0,21.7,27.4,16.6,33,0,0,27,31.7,49.7,0.0
458,-1632.6,1032.6,3,7,89,11.2,51.4,6.8,4.5,39.7,91,3,0,21,65.9,71.9,3419.5
459,-515.1,-1425.9,12,13,267,20.0,310.5,5.6,33.6,39.7,28,5,1,22,70.3,96.6,605.8
460,-429.4,-314.1,40,29,312,25.4,194.8,36.1,4.2,25.1,9,0,0,32,61.2,51.4,0.0
461,1064.4,1884.4,40,11,201,19.7,137.8,14.9,31.2,21.1,92,0,0,20,86.9,57.7,0.0
462,1488.7,1322.2,1,5,31,26.9,239.4,9.6,8.9,3.5,22,2,0,0,61.1,90.8,3419.5
463,-1257.4,-1290.1,10,9,311,3.3,268.8,17.4,20.1,25.1,45,2,0,31,54.5,47.3,1565.7
464,-366.0,1577.4,33,19,285,30.0,214.8,22.2,21.9,35.8,35,5,0,23,57.4,30.9,0.0
465,875.5,1311.4,28,44,357,23.4,245.0,28.1,21.2,29.6,34,4,0,10,40.8,33.8,0.0
466,1195.8,872.1,10,4,98,8.2,35.4,14.1,18.9,18.2,84,3,0,25,62.2,89.0,1318.6
467,1111.5,-755.3,33,30,56,11.8,214.1,31.4,24.2,6.3,6,1,0,23,73.3,49.1,0.0
468,1345.4,1524.1,4,19,246,12.0,266.1,34.5,31.9,15.9,92,2,0,37,46.0,89.0,0.2
469,-1102.8,1753.1,12,38,71,19.7,282.3,8.5,40.0,35.8,16,1,0,8,55.4,89.2,241.5
470,437.3,1355.2,37,10,182,3.8,59.4,32.8,5.0,26.1,15,3,2,29,67.6,82.2,0.0
471,1686.0,606.6,24,5,4,3.4,83.4,37.6,26.0,9.7,47,3,1,30,32.6,79.2,0.0
472,-1844.8,1630.3,15,42,238,9.4,340.4,3.3,23.2,16.6,91,3,1,4,96.8,86.6,2883.6
473,-854.3,653.1,16,15,274,30.5,16.3,31.5,32.9,14.9,90,4,1,8,88.8,88.8,0.0
474,-963.8,1633.4,34,28,15,29.2,275.0,10.2,18.7,2.5,35,5,0,28,31.6,46.4,0.0
475,1050.6,756.4,16,14,300,15.0,351.1,10.0,7.3,17.3,1,1,0,40,39.8,43.9,0.0
476,-1623.8,239.0,17,10,29,30.5,51.7,9.9,11.4,5.4,71,1,0,10,62.0,47.5,0.0
477,966.0,1396.2,37,9,164,9.6,91.8,29.3,11.0,3.3,11,3,0,5,43.9,81.3,0.0
478,-667.3,1682.9,15,23,331,22.0,309.6,35.6,2.3,2.7,0,2,1,20,89.5,81.1,0.2
479,-690.6,1682.9,30,44,258,7.3,341.9,32.6,37.0,29.2,19,3,0,36,56.1,74.9,0.0
480,1166.1,809.8,4,20,317,4.5,98.9,2.9,8.8,36.6,13,2,1,34,85.0,54.6,3419.5
481,-958.1,-262.0,28,22,344,17.2,21.7,10.9,30.3,4.8,97,2,0,31,54.0,92.8,0.0
482,-886.2,-1751.1,21,15,297,3.5,328.6,22.0,36.1,5.8,21,2,0,22,83.4,66.2,0.0
483,125.6,-1847.6,9,11,29,28.8,28.2,31.6,35.3,29.9,93,0,0,37,75.9,61.7,0.2
484,-987.2,616.2,33,32,161,20.4,191.6,30.0,6.8,20.7,20,3,2,19,55.5,97.8,0.0
485,609.9,1667.4,21,30,238,4.3,52.9,31.5,6.0,14.6,19,3,0,28,43.4,31.5,0.0
486,-717.7,1224.1,30,44,273,8.1,19.6,18.5,32.7,12.6,43,3,1,39,98.2,64.0,0.0
487,-290.7,1356.2,34,26,319,12.2,347.1,38.8,32.8,4.4,43,5,1,7,65.8,80.0,0.0
488,309.1,1330.8,6,4,184,5.6,309.1,7.5,8.2,20.8,1,0,0,14,37.5,84.6,3418.0
489,-1170.6,-1703.5,32,19,29,3.2,124.8,4.8,6.2,7.3,58,0,0,11,95.8,80.0,0.0
490,1240.0,1398.3,33,37,183,8.0,105.7,10.9,32.4,7.7,29,0,0,1,50.4,46.3,0.0
491,324.3,-611.4,10,4,170,7.6,276.8,29.7,21.8,8.8,97,3,0,30,55.8,83.7,0.2
492,-1102.3,-674.7,29,3,182,26.0,106.4,16.1,33.4,9.4,3,3,1,4,45.3,89.8,0.0
493,822.8,-402.5,30,41,236,22.8,191.5,2.1,35.5,9.6,59,3,1,8,34.4,39.0,0.0
494,909.1,-426.0,33,31,22,11.1,156.5,38.4,18.2,16.0,46,2,0,29,95.0,67.6,0.0
495,-1060.5,-34.7,15,14,360,23.6,23.7,2.3,17.2,39.3,50,3,2,6,78.3,52.8,2113.2
496,-1916.5,-1576.5,32,43,218,13.0,249.7,27.5,16.9,16.4,3,2,0,2,47.4,71.7,0.0
497,675.1,-844.3,28,24,201,18.4,28.0,20.6,22.3,37.5,75,5,2,39,91.1,30.7,0.0
498,1475.0,1189.7,25,14,159,4.4,339.3,5.3,5.7,38.8,16,5,1,35,88.5,70.6,0.0
499,-476.8,-1229.0,31,27,29,24.7,289.6,8.1,8.0,8.8,1,5,0,14,31.0,62.4,0.0
500,404.8,1538.3,10,23,109,18.3,81.2,35.2,3.1,17.5,39,2,1,9,53.9,98.3,0.2
501,1793.2,1460.2,13,10,271,15.3,288.2,3.0,25.1,26.3,52,3,2,5,33.7,90.7,1056.6
502,-1394.1,708.5,13,5,151,30.3,232.7,39.7,28.6,34.5,58,0,0,3,59.5,91.5,0.2
503,-249.2,-336.4,31,44,69,4.2,18.5,25.8,20.5,16.2,49,2,0,31,76.8,85.1,0.0
504,1366.2,15.8,19,15,225,28.0,259.4,34.3,32.6,5.4,8,0,0,25,50.3,75.7,0.0
505,816.1,247.3,18,38,276,21.5,129.7,2.8,23.6,33.2,18,0,0,1,67.0,98.4,0.0
506,786.7,-1095.7,11,2,70,11.5,242.4,38.6,28.9,20.3,74,5,2,33,52.4,87.1,0.2
507,-1207.5,1237.0,4,36,52,7.8,225.0,16.7,23.5,28.9,9,1,0,4,89.0,37.9,1696.2
508,915.4,1350.1,16,26,335,27.6,326.4,19.6,19.5,23.4,93,0,0,29,78.0,79.8,0.0
509,1243.1,-343.2,24,27,242,1.1,162.9,27.5,32.6,31.1,97,4,0,40,70.9,60.7,0.0
510,592.7,1400.8,13,42,63,3.9,334.8,8.9,21.9,20.3,6,3,2,34,73.2,45.7,1379.5
511,1772.6,92.1,13,7,94,24.9,308.8,32.2,2.2,9.4,58,2,0,18,33.9,59.9,0.2
512,428.8,1913.4,8,11,231,6.8,225.5,39.6,32.9,3.6,64,5,2,12,68.4,45.3,0.0
513,802.2,221.8,29,14,111,15.8,141.5,19.5,29.3,12.7,47,4,0,32,70.8,83.2,0.0
514,-355.5,-1542.2,6,22,201,0.9,46.2,21.0,6.9,25.1,60,4,1,32,76.0,68.5,3376.6
515,-1621.0,1815.1,36,37,76,9.1,270.6,39.1,27.9,35.0,92,1,0,11,65.4,88.6,0.0
516,818.1,-366.8,30,16,289,6.1,43.9,38.8,36.8,38.3,16,2,0,27,68.6,69.4,0.0
517,-60.7,-903.9,22,29,55,25.3,331.4,37.1,12.8,5.4,44,2,1,11,76.8,96.2,0.0
518,-1031.3,1490.7,35,44,29,10.9,71.1,11.3,14.4,20.1,51,0,0,15,57.4,54.8,0.0
519,-746.3,-82.5,39,43,149,16.1,89.5,25.1,21.4,12.4,95,0,0,28,53.5,82.2,0.0
520,692.4,1002.5,37,41,339,22.9,237.4,6.9,2.5,33.2,44,5,2,32,87.1,64.0,0.0
521,1749.9,1458.6,16,20,50,8.4,30.7,39.7,4.4,33.0,20,4,0,22,57.9,89.3,0.0
522,706.3,-567.8,35,36,144,5.4,108.0,23.9,36.4,17.3,23,4,1,33,59.6,55.2,0.0
523,1347.2,-937.4,32,35,81,12.5,138.1,33.4,22.5,22.8,64,4,0,16,33.9,53.8,0.0
524,-332.7,-1096.4,10,43,53,19.1,92.2,35.3,8.0,28.0,37,0,0,36,75.5,95.0,0.2
525,970.3,-1438.7,37,33,165,6.7,267.2,16.2,21.9,38.7,17,1,0,15,57.1,90.4,0.0
526,653.8,-1320.6,26,2,328,0.7,72.2,7.1,20.5,32.8,7,1,0,3,56.7,65.8,0.0
527,-1012.8,1503.9,19,43,46,12.3,73.7,15.9,5.2,37.0,14,4,2,2,92.4,85.9,0.0
528,280.3,529.4,6,37,162,5.7,178.3,6.7,7.1,9.1,51,5,0,17,41.3,45.4,1140.0
529,61.2,-228.0,36,14,187,10.7,134.9,26.8,33.6,24.6,35,2,0,32,55.8,58.5,0.0
530,1076.2,-1574.5,34,22,16,21.4,139.2,19.5,17.0,14.4,54,5,0,37,83.0,95.2,0.0
531,-1492.9,-529.2,31,4,246,30.4,332.7,38.8,10.7,14.7,93,1,0,3,60.2,67.4,0.0
532,-424.4,1842.3,2,14,32,5.8,53.8,33.9,15.7,5.8,57,2,1,25,79.7,42.1,0.2
533,1737.8,-1905.3,28,2,216,0.5,159.8,30.6,15.1,34.8,34,4,1,21,70.7,64.1,0.0
534,-1284.3,1598.9,5,14,38,24.4,132.1,36.4,31.4,8.9,53,4,2,9,99.1,82.9,0.2
535,-49.8,1322.8,6,9,60,18.1,278.3,9.4,37.6,12.2,64,1,0,21,82.9,68.6,1661.3
536,-1528.4,-1147.2,27,10,114,16.7,199.6,9.9,34.7,36.6,22,1,0,23,51.6,49.0,0.0
537,-491.2,-1034.3,39,6,328,28.4,212.9,29.4,36.0,6.0,27,4,0,27,61.0,63.8,0.0
538,1362.4,-1160.4,12,11,121,15.2,8.2,36.7,25.9,33.3,46,5,1,12,39.3,83.9,0.2
539,1610.0,-1399.0,22,37,83,30.4,280.4,25.3,36.0,4.4,86,2,0,27,91.3,59.8,0.0
540,915.3,544.6,29,27,134,9.8,254.9,30.2,17.0,14.1,35,4,0,2,83.1,78.6,0.0
541,-1462.5,-1576.0,6,34,146,8.3,59.8,16.7,27.9,13.3,55,5,1,15,52.9,89.0,468.4
542,-8.6,-75.6,9,15,66,21.2,200.1,15.1,14.4,18.5,92,2,0,4,65.2,49.9,913.8
543,1745.3,938.1,36,38,190,28.8,185.2,13.1,4.9,15.4,89,3,2,11,34.0,84.1,0.0
544,-1054.2,1742.1,22,43,327,11.8,352.0,10.6,34.4,34.1,61,5,1,11,64.5,49.9,0.0
545,1406.6,-1039.5,12,12,225,21.4,329.5,35.0,30.3,10.3,14,2,1,23,73.9,62.7,0.2
546,-1569.6,344.0,30,15,2,20.0,59.8,4.3,13.4,12.0,45,5,1,22,96.4,35.9,0.0
547,-110.0,1516.0,11,33,70,22.3,32.5,29.3,12.2,25.8,81,0,0,12,50.3,35.8,0.2
548,-1377.1,326.1,30,19,245,19.2,76.7,32.3,28.3,3.7,17,5,2,9,50.1,94.8,0.0
549,-118.1,374.5,11,8,7,12.9,14.5,38.9,31.4,28.1,35,1,0,34,66.8,66.6,0.2
550,-1538.5,-430.4,6,12,144,16.8,329.3,22.6,20.1,39.2,47,5,1,4,56.4,64.3,924.3
551,-1727.0,1617.3,9,11,165,24.9,50.6,13.9,32.3,13.0,10,1,0,30,75.4,96.0,123.4
552,-1764.1,-1165.5,16,42,119,25.6,58.4,4.0,39.0,36.4,87,0,0,25,36.1,53.4,0.0
553,213.5,448.2,13,8,290,9.5,262.8,3.7,17.0,23.1,24,3,1,35,62.8,95.6,3005.7
554,-528.3,-1147.1,14,9,280,17.0,229.3,27.7,17.7,35.0,65,0,0,18,30.4,97.4,0.2
555,-1329.8,1085.7,35,20,49,15.3,349.9,36.5,35.5,34.7,13,4,0,39,73.6,36.0,0.0
556,1365.3,1714.6,15,22,286,30.0,5.8,36.9,12.5,32.8,72,5,0,15,48.6,59.7,0.2
557,-680.3,-711.2,36,10,255,6.9,136.9,9.6,30.6,15.1,75,1,0,0,85.6,51.5,0.0
558,619.2,1458.8,3,22,191,28.9,304.3,3.8,30.5,16.5,90,1,0,7,62.5,43.2,3419.5
559,-1330.3,-615.9,35,32,225,15.6,156.2,27.5,24.9,31.9,41,4,1,26,56.3,94.7,0.0
560,-292.8,1374.6,30,11,334,26.4,112.6,30.0,14.9,27.6,6,3,1,37,65.1,83.4,0.0
561,1176.8,-11.7,15,42,86,26.5,1.4,22.1,3.4,9.2,11,3,2,8,54.7,32.7,900.5
562,1361.0,-1828.2,4,35,303,22.9,24.3,40.0,21.3,3.5,43,1,0,10,76.0,61.8,0.2
563,86.8,564.3,28,29,354,11.5,246.2,36.2,6.8,34.2,62,1,0,34,39.9,62.6,0.0
564,1023.9,373.0,16,40,249,14.1,70.6,2.5,6.1,15.0,7,2,1,18,74.9,89.1,0.0
565,-1176.1,-1517.1,14,26,120,29.2,136.6,15.6,38.5,15.4,65,5,2,30,61.4,97.1,402.5
566,135.5,176.1,3,10,214,27.9,283.7,34.3,12.1,23.9,71,4,0,22,45.1,64.7,0.2
567,1559.3,-1630.7,5,45,130,26.2,257.7,4.2,7.7,15.1,45,2,0,26,35.6,54.6,0.0
568,1496.0,-266.3,3,41,216,23.8,107.5,17.8,24.1,29.3,19,5,1,13,82.7,34.5,2747.2
569,1603.2,1477.9,29,40,153,5.8,196.1,29.5,31.1,34.9,42,4,2,23,58.8,89.7,0.0
570,1068.5,-1536.9,25,15,116,4.5,154.7,29.7,24.0,11.5,99,5,1,20,49.4,97.5,0.0
571,-422.4,-1616.4,25,44,345,2.3,204.7,21.4,24.8,5.5,96,3,0,13,97.9,98.0,0.0
572,-1612.0,1877.3,17,4,198,13.7,0.7,38.9,40.0,30.8,98,3,1,35,74.8,75.5,0.0
573,347.6,722.2,34,36,267,4.1,152.1,27.2,12.3,8.1,91,4,1,29,53.3,93.2,0.0
574,-17.8,-1014.7,1,15,126,0.0,226.1,30.0,6.5,27.1,1,1,0,34,88.8,72.9,0.2
575,30.6,1423.0,24,12,357,19.2,194.6,10.5,31.1,27.4,94,4,2,10,35.1,41.2,0.0
576,-330.9,1446.5,36,40,180,9.8,131.7,24.4,16.1,20.1,28,2,1,21,37.3,91.0,0.0
577,1207.5,-54.2,10,28,356,0.0,331.2,38.2,8.6,23.0,67,4,2,34,71.2,83.7,0.2
578,594.2,836.4,34,36,62,12.9,139.7,30.7,24.9,28.6,26,1,0,38,42.8,73.2,0.0
579,109.6,1349.1,5,7,272,17.4,96.6,21.2,35.8,15.3,44,5,1,32,55.8,51.7,0.2
580,1514.5,-1709.9,36,21,360,8.2,211.2,29.1,31.1,9.8,13,5,1,25,93.1,60.9,0.0
581,-367.5,1850.5,16,3,75,0.1,348.3,7.5,6.0,37.5,37,4,0,33,63.2,58.3,0.0
582,-686.7,429.2,16,31,62,28.9,135.2,19.5,5.2,32.5,32,5,0,27,53.5,93.9,0.0
583,-1806.3,257.0,3,28,354,30.4,90.4,32.2,31.6,31.6,93,5,0,24,99.3,94.2,0.2
584,-1100.7,910.2,26,39,75,21.1,143.9,7.7,7.1,22.1,87,3,0,17,47.4,85.2,0.0
585,367.4,-1407.6,24,29,188,12.0,146.1,5.8,24.9,4.0,54,2,1,32,80.2,90.6,0.0
586,1453.7,1857.6,13,6,181,8.4,335.2,14.8,20.2,20.7,57,5,1,21,76.2,57.3,683.2
587,-1177.0,-804.3,10,4,104,14.9,204.2,3.3,36.5,8.0,16,5,0,26,60.4,73.1,2239.7
588,-1849.1,191.7,19,41,359,5.4,122.3,36.3,5.3,36.0,89,5,2,14,43.1,73.8,0.0
589,1125.8,945.2,5,21,151,8.8,96.1,3.5,14.8,37.0,20,4,2,35,80.6,64.9,3117.7
590,660.2,-135.9,7,42,45,28.7,45.2,29.4,15.7,18.4,64,3,1,16,97.4,94.8,1261.4
591,831.6,-1533.9,15,31,51,0.6,241.7,11.5,32.4,26.4,86,0,0,31,38.8,51.1,930.5
592,1485.4,-28.9,29,29,297,1.8,13.0,11.5,39.4,37.0,4,1,0,5,70.0,79.3,0.0
593,-1862.5,-1398.1,39,28,205,5.7,61.1,8.1,38.8,34.6,99,3,0,20,65.7,55.0,0.0
594,1877.2,-778.2,25,45,118,12.7,277.4,35.3,7.1,19.3,96,5,2,14,73.8,97.0,0.0
595,-1904.4,1109.8,10,39,278,23.8,35.4,13.7,35.3,29.1,4,0,0,2,58.8,34.8,0.0
596,-227.1,151.6,15,10,208,12.9,39.2,21.1,36.6,33.0,73,1,0,32,44.1,60.3,90.3
597,1059.7,179.2,35,44,303,4.7,121.2,32.0,27.6,22.7,43,3,2,10,48.4,48.9,0.0
598,-1538.7,-1729.8,25,8,137,23.0,357.6,10.6,10.0,15.7,74,4,2,10,68.8,52.8,0.0
599,1903.5,-115.8,39,35,183,1.6,6.1,23.1,34.4,34.2,90,1,0,10,84.7,43.9,0.0
600,-274.3,-1264.0,28,14,11,11.3,100.7,17.1,30.0,23.6,44,2,1,7,43.2,51.4,0.0
601,-14.0,1786.1,1,26,231,30.2,222.2,37.5,34.8,8.8,87,5,1,40,67.8,71.3,0.2
602,-962.4,-715.2,27,2,134,28.5,271.3,23.1,5.2,33.1,10,5,0,39,38.5,51.1,0.0
603,-237.2,-1674.2,6,16,340,21.8,121.7,31.6,10.7,8.5,15,5,0,32,35.4,56.3,0.2
604,-1187.1,1761.2,33,9,23,27.5,173.6,39.1,5.8,9.2,61,3,0,37,67.7,48.4,0.0
605,-1525.4,-1496.6,6,13,211,7.7,192.8,11.5,22.1,21.0,55,4,1,6,49.3,56.3,3122.2
606,973.0,719.1,16,14,17,11.6,353.6,13.3,6.3,27.2,87,0,0,30,49.5,82.4,0.0
607,-1662.1,1275.6,31,6,204,30.6,315.7,17.2,19.2,37.4,76,3,1,31,38.9,72.0,0.0
608,-928.8,-330.8,30,6,327,29.5,113.2,20.1,6.5,17.3,39,0,0,0,49.4,37.1,0.0
609,1316.5,266.8,40,30,96,2.9,121.2,16.0,5.8,22.5,11,4,2,27,58.6,50.3,0.0
610,1874.0,-418.3,37,45,219,13.2,296.1,5.1,38.8,2.7,34,0,0,20,31.9,98.2,0.0
611,1011.0,347.9,36,29,74,21.4,50.8,14.8,13.9,8.4,95,5,2,34,38.1,30.1,0.0
612,56.4,-197.8,26,1,99,14.6,153.7,14.6,21.3,27.6,46,1,0,23,65.2,46.3,0.0
613,-851.5,-1908.7,28,28,257,6.0,263.5,11.2,32.5,28.0,42,0,0,19,35.8,83.8,0.0
614,1540.4,216.9,27,0,313,10.5,283.1,28.0,8.1,17.3,61,1,0,4,81.3,67.8,0.0
615,-1853.3,419.1,17,26,315,31.0,219.6,24.8,18.5,20.7,33,0,0,8,47.7,73.7,0.0
616,-1833.4,87.6,4,37,156,25.4,128.4,38.2,30.9,10.4,74,1,0,23,59.2,91.8,0.2
617,1129.0,-1128.6,40,15,78,11.2,63.1,31.8,38.3,2.5,8,1,0,19,75.6,65.7,0.0
618,-1747.9,-1239.6,17,11,209,13.6,171.4,12.4,4.5,8.2,16,4,2,37,85.7,43.0,0.0
619,198.7,-892.2,28,2,101,3.2,212.1,26.0,13.1,23.4,23,5,1,24,48.3,87.6,0.0
620,-806.9,543.7,5,1,335,2.9,252.8,15.5,20.0,16.7,62,3,2,36,62.5,63.2,216.8
621,1597.7,1202.5,19,9,99,0.8,108.4,19.1,28.3,18.0,62,0,0,10,63.2,37.7,0.0
622,-945.8,1291.5,3,12,235,25.1,158.3,26.6,4.3,23.4,6,1,0,3,50.6,40.6,0.2
623,-1610.8,-730.6,15,28,30,22.0,322.3,32.4,21.2,39.3,34,5,2,33,87.6,79.4,0.2
624,13.2,1679.8,4,32,113,28.4,59.9,17.3,15.5,36.8,45,3,1,34,65.6,34.1,1074.4
625,110.8,1844.9,23,39,257,17.1,24.5,9.2,13.5,30.3,70,3,2,12,92.7,32.0,0.0
626,1481.7,1042.2,3,30,88,4.9,148.3,33.7,33.9,13.9,17,3,2,25,90.8,92.7,0.2
627,-1489.4,-919.3,19,2,157,4.8,338.4,29.6,32.4,17.8,66,4,1,32,91.5,63.8,0.0
628,-1903.5,741.7,8,26,357,9.6,23.5,7.2,21.5,19.5,59,1,0,8,88.0,97.6,0.0
629,716.7,-1621.9,7,24,29,23.4,109.2,7.6,23.3,18.4,70,0,0,9,32.8,91.8,2746.6
630,-1185.3,-409.2,29,42,66,21.2,168.4,20.1,25.1,32.5,1,3,1,8,78.7,82.3,0.0
631,-31.8,-517.3,37,8,281,24.0,78.4,36.1,8.3,26.2,90,4,2,17,60.6,95.1,0.0
632,1243.4,-718.1,6,32,23,9.9,258.0,18.3,2.4,8.8,61,0,0,10,48.0,67.2,1050.4
633,1058.4,-956.2,8,36,318,27.8,9.2,29.8,16.8,27.2,99,3,2,32,84.4,88.6,0.4
634,-242.8,-320.8,36,3,61,11.4,332.8,29.9,25.3,35.9,36,3,1,19,79.3,98.2,0.0
635,-1905.6,596.4,21,44,267,22.8,246.9,33.3,18.3,9.9,91,0,0,15,88.7,67.2,0.0
636,1794.4,41.8,2,15,129,17.2,70.9,28.6,28.9,12.2,78,0,0,0,91.0,49.9,0.2
637,-730.9,1731.3,12,23,223,4.9,120.0,7.4,35.7,24.5,59,1,0,8,71.2,53.5,110.3
638,-481.8,256.8,2,38,46,15.7,213.2,29.1,12.0,28.2,48,3,1,14,59.8,45.1,0.2
639,-1458.1,1919.1,32,40,323,1.8,295.2,36.7,26.7,12.7,39,3,2,12,94.6,82.0,0.0
640,-200.7,-1164.1,13,18,306,3.6,131.0,32.7,7.1,34.8,79,1,0,27,39.1,40.6,0.2
641,1568.4,1222.0,27,18,226,25.1,180.5,30.4,17.8,14.5,20,0,0,36,68.8,56.2,0.0
642,-1291.5,-439.6,27,15,30,10.7,239.0,30.1,14.3,8.6,2,1,0,8,87.2,77.3,0.0
643,975.2,-1189.5,13,45,189,27.7,90.9,10.7,25.2,35.2,26,0,0,2,80.7,81.3,1076.2
644,698.3,1620.2,39,10,316,12.0,208.0,14.8,31.3,26.1,60,3,0,39,31.4,63.3,0.0
645,-1417.1,-88.9,20,8,42,12.3,64.5,26.2,26.3,34.4,20,1,0,21,94.2,64.6,0.0
646,-130.1,1061.6,19,30,28,21.9,179.8,18.8,37.4,5.5,84,2,0,38,96.3,74.8,0.0
647,370.3,1475.6,8,21,144,30.0,252.9,18.8,8.9,16.2,62,1,0,0,87.3,84.9,48.0
648,-671.1,-908.9,27,3,36,6.6,157.7,35.7,9.4,22.9,18,1,0,36,73.5,82.0,0.0
649,-1217.7,792.6,3,6,169,15.8,99.3,39.5,11.9,23.8,9,3,1,3,39.4,54.6,0.2
650,643.9,1487.2,24,14,76,30.3,73.3,25.2,18.4,39.4,33,4,1,24,78.4,31.7,0.0
651,-1751.2,1272.4,3,40,29,4.0,21.9,22.4,2.9,15.7,68,4,2,0,52.3,85.9,1655.7
652,-690.8,841.2,24,21,102,0.5,102.9,34.4,31.3,16.0,93,5,0,25,69.2,68.7,0.0
653,-506.4,571.5,21,27,108,19.2,214.7,15.6,8.6,21.6,87,5,2,23,59.9,96.0,0.0
654,1354.8,22.6,23,26,157,1.0,246.1,14.1,27.6,33.3,75,0,0,39,89.5,63.1,0.0
655,-323.5,-962.1,18,11,310,11.2,357.3,26.6,35.5,26.5,75,3,1,36,67.5,66.5,0.0
656,-937.2,1643.6,32,1,88,1.2,131.5,21.5,39.1,23.4,48,5,2,7,78.0,96.1,0.0
657,1085.5,1688.6,10,13,350,23.3,168.8,15.8,17.1,5.1,47,2,1,12,73.4,64.9,45.6
658,-1520.3,1590.9,24,19,65,12.3,250.4,23.1,30.5,7.3,15,5,2,23,76.5,74.3,0.0
659,370.6,362.7,37,28,338,29.7,17.8,32.3,19.6,37.4,56,3,0,6,67.9,48.0,0.0
660,-1807.8,298.6,27,41,215,28.2,132.1,19.8,17.6,13.9,36,0,0,0,99.7,57.8,0.0
661,717.4,-1025.5,12,45,235,5.2,140.3,33.9,2.6,28.7,42,1,0,22,95.8,92.7,0.2
662,728.3,174.5,29,12,45,11.0,161.0,11.6,9.0,16.6,86,5,0,17,52.8,75.0,0.0
663,-336.1,-288.9,30,25,289,24.0,351.3,36.3,13.7,8.5,83,5,2,32,89.2,66.5,0.0
664,-1052.4,725.6,12,31,198,25.7,131.3,36.6,35.0,7.0,40,2,1,31,91.4,59.0,0.2
665,1834.6,296.9,32,40,101,20.1,215.8,28.6,35.6,39.7,52,2,1,22,74.0,60.2,0.0
666,-298.0,680.6,39,0,105,10.9,204.6,15.7,21.7,39.3,37,2,0,37,30.1,39.8,0.0
667,-713.3,-995.0,35,26,277,9.0,95.2,25.4,6.8,23.3,75,1,0,40,66.8,99.2,0.0
668,-902.6,1564.9,9,45,49,4.7,353.3,18.0,12.7,29.2,4,5,2,2,65.4,99.0,317.4
669,618.5,163.1,33,6,141,30.4,95.1,30.8,9.2,29.4,52,2,0,35,55.1,44.9,0.0
670,-123.9,-228.1,33,24,241,0.5,120.6,25.1,27.9,4.6,37,3,1,36,30.0,64.3,0.0
671,-1036.2,1547.3,1,37,106,11.8,231.4,3.2,35.1,38.2,44,1,0,38,55.1,59.3,3337.5
672,-111.4,-1411.5,7,34,93,21.0,195.7,39.8,18.3,4.6,61,0,0,2,59.4,58.7,935.6
673,-235.2,4.5,8,25,343,27.7,117.7,39.0,39.2,17.9,82,1,0,34,82.0,70.4,0.2
674,1741.9,-1601.5,18,14,344,8.5,157.3,30.9,23.0,27.6,27,2,0,33,74.4,52.3,0.0
675,-1278.0,-114.8,15,42,63,24.9,324.7,17.4,28.2,33.4,27,2,0,4,86.7,76.2,194.2
676,-1318.5,-1736.6,31,43,72,14.2,317.5,9.3,38.1,21.4,68,2,0,33,37.9,77.0,0.0
677,-613.0,1169.8,24,7,360,7.4,21.5,35.4,26.9,3.3,97,1,0,3,71.1,66.0,0.0
678,-1358.1,-592.5,34,41,66,23.8,171.7,37.3,28.8,2.5,14,4,2,23,55.2,56.9,0.0
679,-652.6,-259.1,2,37,27,4.1,72.2,3.7,11.3,10.0,67,4,1,25,66.1,51.8,1068.2
680,-167.6,686.6,10,44,219,13.8,257.1,27.1,39.1,30.7,19,4,1,0,92.1,85.8,0.2
681,1206.1,465.7,27,15,207,20.2,172.8,36.9,24.5,30.7,78,5,0,21,80.2,53.6,0.0
682,494.3,-1484.0,22,20,127,18.7,156.0,34.8,11.1,36.9,80,4,0,37,37.3,82.6,0.0
683,1196.7,-1245.8,11,1,211,15.0,79.7,8.4,18.4,29.4,75,2,1,39,68.1,78.1,1718.0
684,594.2,793.1,2,39,123,8.5,156.6,26.1,37.2,31.0,93,3,1,15,90.6,54.4,0.2
685,-624.5,1354.7,14,37,326,8.3,70.8,9.6,36.0,7.5,69,3,2,26,51.2,37.1,0.2
686,-1474.4,936.7,20,20,127,2.4,230.0,34.0,2.6,36.6,99,1,0,40,89.2,53.6,0.0
687,-986.5,-112.6,37,30,133,16.6,169.4,21.6,12.2,17.5,4,5,2,20,93.8,40.5,0.0
688,-140.8,369.8,1,20,45,20.5,26.0,39.1,29.2,16.2,15,0,0,0,62.1,95.7,0.2
689,-1203.9,1834.6,20,11,176,20.0,255.9,33.4,5.7,24.4,88,4,1,6,93.3,64.4,0.0
690,-1848.1,-1833.4,19,11,180,4.0,282.7,12.1,27.1,17.2,85,5,1,31,86.8,39.4,0.0
691,576.5,1629.4,21,4,161,16.9,78.3,2.4,34.6,5.1,7,2,1,8,42.4,68.6,0.0
692,234.8,1690.2,24,23,194,16.8,51.1,28.4,23.8,14.3,70,0,0,6,89.4,33.4,0.0
693,-1147.3,-1596.6,37,9,340,29.0,119.0,2.4,18.2,4.8,15,2,0,29,98.7,80.3,0.0
694,1186.3,863.5,31,11,215,12.5,313.4,18.8,20.9,19.9,85,0,0,9,68.5,80.5,0.0
695,1786.1,-861.8,31,35,15,18.8,237.3,14.2,8.0,3.6,89,2,1,40,69.7,68.2,0.0
696,563.7,-1127.1,1,5,89,22.5,225.8,13.2,37.6,20.3,34,0,0,6,99.7,72.1,0.2
697,1500.9,-380.0,32,0,22,1.6,290.6,8.3,23.7,14.4,78,5,0,31,70.5,35.5,0.0
698,-1788.8,-992.0,27,39,36,12.5,276.7,17.2,19.4,21.0,73,4,0,24,39.2,63.5,0.0
699,1371.1,1599.3,33,3,170,4.5,37.2,15.6,10.1,27.6,100,4,1,11,78.6,50.6,0.0
700,1035.7,-1733.7,30,7,352,6.0,197.1,10.1,10.9,5.3,67,3,0,11,73.4,90.3,0.0
701,-1561.3,-1027.6,4,34,216,27.0,6.8,2.4,3.7,2.3,42,0,0,15,74.6,57.2,3419.5
702,-1782.4,1816.4,12,3,340,18.4,207.2,10.1,22.8,35.1,94,0,0,11,49.3,72.5,230.4
703,1046.5,140.6,12,43,122,21.7,314.7,5.3,29.4,3.2,84,4,2,26,38.7,84.9,0.2
704,941.1,-689.3,12,44,168,14.1,252.0,35.8,21.3,23.9,24,1,0,2,64.8,78.3,0.2
705,652.3,852.5,23,34,321,13.4,119.0,19.3,18.3,13.4,94,0,0,36,39.4,89.8,0.0
706,1518.9,-401.9,1,20,79,1.9,93.5,3.7,24.5,17.0,2,0,0,35,72.9,61.3,3419.5
707,-814.8,1076.4,11,26,215,26.0,138.5,11.2,4.8,29.3,23,2,1,9,44.8,62.5,473.0
708,661.3,-1710.6,21,41,352,18.0,2.5,23.2,29.0,13.8,5,3,0,40,83.6,79.3,0.0
709,-174.1,1759.0,40,44,140,24.8,158.5,25.4,17.5,15.3,1,4,1,38,56.6,51.9,0.0
710,446.5,-1105.5,20,41,224,23.4,41.7,11.3,30.2,13.6,9,5,1,39,58.0,54.0,0.0
711,-1362.7,1873.0,9,32,358,23.1,339.1,25.7,14.2,37.9,30,0,0,39,50.1,46.3,0.0
712,-1230.7,-1128.2,1,0,137,20.2,187.5,21.1,2.1,15.0,11,0,0,6,80.4,74.4,0.2
713,-1203.8,184.6,31,41,169,0.3,320.5,12.8,14.1,33.5,44,3,0,30,30.5,69.1,0.0
714,-1297.7,-498.3,26,25,284,5.5,111.9,16.8,28.5,31.4,84,4,1,25,42.5,79.3,0.0
715,817.9,-1874.5,30,30,150,8.7,91.7,6.8,38.5,13.3,65,1,0,38,75.8,57.6,0.0
716,1145.4,971.0,37,26,57,18.2,139.9,21.0,20.4,13.4,0,3,2,19,55.6,35.1,0.0
717,-1571.8,1355.7,24,17,314,7.0,144.3,29.6,19.9,21.6,5,3,0,21,46.3,37.1,0.0
718,-1027.9,8.4,36,31,23,29.6,45.0,31.8,3.4,18.2,77,4,1,15,35.1,64.6,0.0
719,680.0,976.8,35,10,177,23.7,307.3,38.6,28.7,15.1,48,5,1,8,99.8,98.2,0.0
720,-1537.3,-340.9,27,26,298,2.8,191.8,4.6,21.3,39.2,23,4,1,32,39.4,85.9,0.0
721,1421.1,-1044.0,16,18,5,20.3,251.2,11.1,16.5,35.5,59,5,1,6,42.0,54.8,0.0
722,1076.4,158.9,10,19,325,29.1,283.7,12.5,14.8,21.0,59,5,2,11,47.5,31.7,777.3
723,-973.2,-1669.7,31,21,306,0.6,357.5,24.7,16.5,9.0,95,3,0,27,37.6,71.2,0.0
724,-440.2,-631.7,32,38,168,2.7,324.9,5.1,31.9,5.6,85,0,0,25,92.6,83.7,0.0
725,149.2,864.7,15,28,6,24.4,291.7,21.0,27.0,34.5,81,2,1,16,70.0,64.9,221.1
726,-954.2,-109.5,21,3,104,20.7,210.9,20.0,25.1,22.6,98,2,1,19,66.5,77.1,0.0
727,40.5,-1609.6,38,8,127,19.0,199.0,14.1,26.5,20.3,29,3,1,39,67.6,56.0,0.0
728,721.0,909.9,12,14,278,29.4,264.8,10.3,15.3,3.4,58,2,1,27,67.5,77.7,1343.0
729,-834.8,397.7,16,5,11,24.9,182.4,22.9,8.9,21.0,13,5,2,26,72.6,67.8,0.0
730,-218.4,-791.2,32,31,54,28.7,272.1,20.6,27.3,22.7,30,2,1,1,89.6,78.5,0.0
731,-426.4,-765.0,9,1,204,22.7,35.3,39.0,35.4,31.9,14,4,0,38,61.4,57.7,0.2
732,-715.4,-1034.4,6,41,156,14.5,240.7,3.4,20.1,17.5,70,2,1,6,66.9,81.4,3386.6
733,-1730.4,-986.6,12,1,164,3.5,81.6,28.7,24.5,8.3,33,3,0,10,47.3,82.5,0.2
734,964.7,1821.5,15,2,178,26.9,161.9,10.9,33.5,26.1,76,1,0,26,30.5,37.9,490.4
735,-929.8,-1820.7,34,39,206,26.8,123.4,33.4,29.0,26.4,89,2,0,10,40.0,89.6,0.0
736,1175.1,-512.3,7,13,267,1.1,117.0,38.9,17.4,2.3,80,0,0,30,91.6,33.6,522.0
737,532.1,1725.9,37,26,187,13.0,91.9,6.8,3.1,26.3,72,0,0,10,39.6,89.6,0.0
738,1734.5,-250.0,36,8,300,21.3,280.5,13.1,14.5,8.0,53,3,0,16,96.5,46.1,0.0
739,1294.8,-1276.6,3,34,210,0.8,120.7,23.5,23.5,32.4,2,3,1,2,77.3,87.5,1912.8
740,-811.0,1045.6,19,35,231,0.3,197.5,4.0,17.8,8.3,24,2,0,26,41.4,52.4,0.0
741,-1615.8,-1864.2,9,17,27,16.3,49.6,6.2,24.6,27.3,54,5,2,13,95.8,49.3,116.8
742,833.0,427.0,9,16,60,4.9,296.3,32.2,35.2,10.4,62,4,1,37,77.6,98.4,0.2
743,125.7,-1448.4,38,18,26,8.5,250.0,23.8,32.2,35.6,81,0,0,25,66.0,42.5,0.0
744,1072.8,417.3,20,36,225,21.3,49.3,7.6,31.1,33.0,59,4,1,23,66.7,78.0,0.0
745,1468.9,-1404.9,10,4,184,6.3,29.9,18.5,38.7,5.9,68,2,1,40,60.2,78.8,66.5
746,376.8,-1608.0,36,36,239,10.4,215.2,39.8,21.0,7.1,67,5,2,19,60.5,95.4,0.0
747,-1557.6,1353.7,2,0,297,4.6,280.2,19.6,9.6,21.8,71,0,0,35,31.1,87.1,0.2
748,-845.8,-97.4,24,43,112,9.2,112.7,33.7,39.6,30.2,19,0,0,1,92.4,92.4,0.0
749,-1841.0,1755.6,32,14,86,19.9,246.3,29.5,13.2,6.0,4,4,2,0,89.3,72.6,0.0
750,-1738.5,868.0,19,34,318,24.6,110.5,25.4,37.4,24.6,93,2,1,27,71.3,77.9,0.0
751,1183.3,-1361.0,6,14,304,5.6,220.3,30.8,22.7,21.1,12,0,0,17,59.9,93.1,0.2
752,-922.1,161.5,21,23,304,25.2,162.5,21.3,6.7,34.9,34,1,0,31,86.8,31.2,0.0
753,-1706.8,-115.1,1,10,231,3.0,244.2,4.8,29.1,13.5,77,4,1,32,58.8,56.5,3419.5
754,-281.9,1275.7,14,36,17,28.9,160.0,3.0,19.4,5.7,76,2,0,31,80.6,43.1,746.4
755,1649.7,1730.0,16,12,234,19.2,154.8,2.2,30.4,23.0,65,1,0,36,52.8,67.2,0.0
756,-1172.2,-100.2,14,42,310,5.4,25.7,14.3,5.2,21.1,79,1,0,9,77.9,71.9,292.0
757,-1719.7,-1053.9,4,14,136,30.0,153.5,27.2,5.9,4.5,49,3,2,22,90.8,85.5,0.2
758,-913.3,-317.8,21,24,98,1.3,54.7,32.5,25.0,29.7,52,4,0,26,93.1,59.2,0.0
759,454.2,-1230.1,38,42,213,22.0,245.4,19.3,11.8,9.6,26,1,0,11,33.0,88.2,0.0
760,1301.1,-1221.1,38,9,66,22.9,320.5,36.3,13.2,31.0,9,3,2,26,36.6,72.7,0.0
761,-146.8,-1053.4,26,5,300,0.3,230.7,34.4,31.6,34.9,81,4,0,0,91.5,90.9,0.0
762,1229.6,953.6,23,19,177,1.8,20.0,14.0,16.4,12.2,49,2,1,26,85.0,47.6,0.0
763,57.0,-64.5,2,29,74,5.3,169.8,19.1,31.8,4.8,20,4,2,38,67.7,47.3,0.2
764,-1768.5,-435.8,9,11,304,7.2,301.5,16.4,6.6,20.8,79,5,0,17,81.7,71.9,828.9
765,-70.6,-1080.2,3,23,211,23.0,213.4,3.4,23.2,8.0,5,4,1,3,75.8,73.1,3419.5
766,655.2,12.9,35,25,274,2.8,85.5,22.4,12.5,28.4,26,3,2,29,74.9,79.7,0.0
767,-982.2,-459.1,26,35,84,24.5,318.7,27.7,37.0,12.8,57,3,0,29,30.7,78.1,0.0
768,-1463.1,-1095.8,9,18,148,19.5,272.9,19.7,3.3,33.9,98,2,1,22,59.1,44.7,0.2
769,1309.7,-356.4,35,29,220,26.6,286.1,5.4,28.7,30.1,27,1,0,7,52.5,69.4,0.0
770,-1717.0,-74.0,31,44,243,5.2,305.1,17.6,32.7,37.1,1,5,0,29,64.0,39.4,0.0
771,1772.1,-41.2,36,44,74,0.8,44.9,9.6,9.7,11.4,28,5,0,1,36.2,32.0,0.0
772,32.3,1810.4,36,35,313,19.7,43.9,5.3,4.6,21.8,0,1,0,25,73.5,51.7,0.0
773,-665.7,-670.2,21,14,224,4.4,308.5,31.0,35.7,13.4,48,4,2,37,76.0,30.9,0.0
774,-1685.9,1782.5,1,30,152,29.8,312.5,8.8,5.2,19.1,3,0,0,16,77.6,47.7,3419.5
775,59.7,-1225.4,39,38,261,15.7,152.4,3.0,26.7,37.6,19,1,0,12,37.4,84.9,0.0
776,1693.6,1179.8,27,4,255,22.9,215.0,26.5,38.6,30.6,41,1,0,5,82.3,49.7,0.0
777,5.2,-1090.6,27,26,277,14.9,346.9,2.8,30.6,2.6,85,5,0,27,84.2,30.2,0.0
778,-1085.9,516.5,5,19,286,25.1,135.1,30.7,29.2,33.2,51,1,0,26,44.1,67.9,0.2
779,328.3,-1853.1,27,38,268,27.2,38.2,34.8,20.1,36.7,10,2,1,4,36.7,95.4,0.0
780,-329.2,-959.6,1,25,334,1.7,86.5,9.5,8.4,2.6,58,5,0,16,77.9,80.5,3103.7
781,1235.2,-1564.8,5,15,354,28.0,12.3,38.3,27.1,19.7,54,0,0,30,34.8,86.5,0.2
782,851.0,-1142.5,19,30,95,22.5,156.4,17.1,11.7,35.1,16,1,0,22,52.3,34.2,0.0
783,1755.0,-65.7,8,22,309,19.8,299.8,32.8,6.4,13.1,66,3,2,30,87.9,53.0,0.2
784,-1265.4,1207.5,13,28,306,5.2,346.3,3.1,2.9,24.5,20,5,0,0,60.9,85.9,3419.5
785,1049.0,899.0,19,21,57,24.5,89.4,27.4,15.6,36.6,32,3,2,33,56.6,95.7,0.0
786,1281.4,828.2,26,11,341,6.5,270.1,18.3,37.3,8.5,21,4,0,20,76.2,84.5,0.0
787,-537.5,1675.4,8,18,276,26.7,193.0,12.0,8.0,8.7,41,1,0,2,40.5,82.7,70.3
788,-621.7,552.9,28,25,254,30.8,316.7,26.3,34.1,11.5,99,4,0,34,63.4,46.8,0.0
789,-950.2,482.4,32,6,317,0.2,354.4,21.9,20.2,39.1,1,4,1,8,88.9,76.6,0.0
790,-871.8,22.9,19,29,217,25.8,49.6,32.9,7.3,20.1,39,5,2,21,51.9,46.7,0.0
791,-1807.5,1004.7,3,27,86,20.6,170.5,3.0,9.3,5.4,53,2,0,16,31.1,69.0,2891.6
792,1395.0,1051.3,8,5,289,3.7,108.7,13.1,19.5,21.8,80,1,0,36,90.7,93.5,28.9
793,495.3,1445.8,11,25,293,18.9,34.5,36.2,11.4,32.0,67,5,1,14,40.8,31.2,0.2
794,678.8,-462.2,12,38,127,23.2,27.0,15.8,37.6,23.6,78,5,0,27,67.8,92.7,0.2
795,15.9,1180.2,12,12,187,21.3,99.2,29.0,4.8,20.8,41,2,0,36,31.3,52.7,0.2
796,-1284.3,-362.6,34,11,1,30.1,310.5,16.1,34.3,27.8,92,1,0,32,65.6,47.0,0.0
797,-1398.8,-1705.1,19,13,200,21.8,284.9,17.3,2.6,2.8,34,3,1,1,89.7,77.7,0.0
798,-1372.2,1779.9,19,22,233,17.2,227.5,26.5,10.5,8.8,84,5,2,32,31.9,49.4,0.0
799,-965.6,-1911.0,33,1,290,14.2,46.1,2.3,22.2,7.2,31,1,0,26,86.2,47.0,0.0
800,-441.0,604.5,1,36,123,12.3,337.2,37.8,12.7,25.2,87,0,0,20,35.7,65.1,0.2
801,1829.8,-1039.8,34,18,171,2.0,149.8,39.9,39.6,37.3,54,4,0,33,48.2,65.8,0.0
802,1422.4,-1498.1,30,0,97,23.4,276.5,15.5,37.9,34.4,62,4,1,15,72.1,83.2,0.0
803,1533.2,-1212.8,40,3,37,16.4,51.0,36.3,36.5,8.2,87,0,0,0,97.6,46.5,0.0
804,-1723.2,-1915.2,38,40,230,7.5,103.1,7.4,25.5,17.6,13,3,0,35,59.6,94.1,0.0
805,-1474.4,1064.1,22,18,104,15.5,139.3,34.9,18.6,22.2,55,1,0,31,99.9,64.7,0.0
806,1548.8,-557.3,24,31,260,5.7,209.2,29.7,9.0,38.6,64,1,0,36,44.0,47.9,0.0
807,1305.3,-1678.9,23,23,253,6.0,51.7,25.2,32.3,31.5,51,0,0,38,69.6,40.1,0.0
808,-197.8,1687.1,12,27,139,1.9,34.7,35.8,38.6,9.7,1,3,1,8,33.1,73.1,0.2
809,445.0,1766.2,37,20,186,25.9,218.7,36.6,38.5,32.8,42,3,1,2,62.9,34.7,0.0
810,1330.6,513.4,20,41,45,23.8,47.6,20.6,14.5,33.4,61,5,2,30,98.2,41.7,0.0
811,-1800.9,-1193.6,25,19,50,4.7,123.5,37.3,25.3,5.2,71,4,1,3,90.7,37.3,0.0
812,120.9,636.5,10,6,292,3.9,76.9,14.8,9.3,26.4,36,2,0,40,86.8,58.8,846.4
813,-324.1,1779.0,40,34,139,28.8,259.2,3.9,20.5,29.5,99,2,0,38,53.3,33.1,0.0
814,1001.0,1595.8,21,19,194,8.5,276.4,30.7,22.2,20.2,76,5,0,35,52.6,69.3,0.0
815,1593.7,1394.0,20,32,292,12.0,75.0,23.1,21.3,3.0,3,1,0,34,85.5,51.8,0.0
816,706.0,-791.9,23,38,304,4.2,280.9,5.5,7.3,12.8,89,4,2,22,95.2,62.2,0.0
817,216.6,680.5,35,43,171,10.4,358.2,5.3,25.4,21.5,40,1,0,7,52.2,34.2,0.0
818,-1319.6,638.9,12,10,112,19.1,50.4,37.1,16.3,12.5,88,0,0,36,56.1,62.6,0.2
819,-1226.7,-427.3,23,23,228,12.0,337.7,17.4,14.5,37.8,46,0,0,24,52.0,50.9,0.0
820,-1492.9,-719.9,32,10,257,29.3,233.8,3.4,22.2,21.6,68,0,0,7,95.7,45.3,0.0
821,641.2,313.9,28,13,77,22.7,59.9,7.8,4.7,5.7,42,2,0,4,80.0,63.2,0.0
822,-837.6,456.7,37,19,306,14.1,157.8,10.5,9.2,8.5,33,5,0,32,35.8,44.3,0.0
823,-1384.8,-572.7,5,18,35,21.6,318.6,19.8,33.4,9.8,89,3,2,10,95.4,38.9,0.2
824,-348.9,-430.7,10,2,145,11.9,182.0,14.6,13.7,13.7,38,2,0,25,91.8,95.0,523.5
825,1476.5,-654.6,14,22,54,16.6,71.5,2.2,16.9,3.5,75,1,0,13,45.7,66.4,2865.1
826,1452.9,83.1,36,25,257,17.8,115.1,29.0,23.2,15.4,91,5,2,8,32.1,46.0,0.0
827,1343.2,-8.2,5,19,278,22.1,33.6,2.9,10.4,25.7,27,3,1,37,97.0,98.1,1927.5
828,110.9,-815.2,28,41,307,10.7,240.1,24.6,21.5,28.8,51,3,1,17,76.8,34.5,0.0
829,-859.3,208.3,27,28,305,5.4,324.9,32.6,25.5,24.8,78,4,2,37,89.4,77.5,0.0
830,-153.7,1783.5,18,20,184,25.4,302.4,18.1,30.3,17.2,8,2,1,26,51.1,45.7,0.0
831,1067.2,540.5,13,5,9,12.1,18.2,13.1,16.1,3.5,68,2,0,18,89.6,42.7,1074.6
832,1720.6,562.2,37,21,260,2.5,218.9,18.4,12.5,15.0,48,1,0,18,78.3,36.6,0.0
833,438.9,626.3,28,2,59,30.7,125.4,23.3,30.5,7.1,90,5,1,4,79.7,36.7,0.0
834,1804.0,804.0,8,35,133,22.0,48.2,7.7,24.7,30.4,35,2,1,22,90.6,64.6,235.1
835,-707.6,-503.6,25,7,333,13.6,260.8,32.7,29.2,12.7,63,4,1,21,84.0,60.4,0.0
836,858.0,-276.0,27,3,128,3.4,205.5,35.0,27.4,31.9,20,0,0,28,97.3,97.5,0.0
837,-319.0,779.0,27,29,83,4.8,89.6,17.9,21.9,30.5,15,5,0,39,78.3,79.5,0.0
838,-121.1,-795.6,32,3,81,3.2,49.4,9.4,27.4,6.4,100,5,2,8,65.8,98.1,0.0
839,1796.7,1632.5,14,0,23,1.5,186.1,26.8,17.7,14.1,96,0,0,9,48.4,69.7,0.2
840,1612.1,-1766.9,38,2,79,19.7,178.2,33.5,37.1,34.5,85,3,2,3,46.6,49.7,0.0
841,580.9,1080.3,2,29,317,1.5,309.9,12.4,37.7,29.6,56,2,1,8,52.3,67.9,1590.3
842,-1020.5,-622.5,10,43,216,21.2,97.3,6.1,19.3,11.9,88,3,0,5,31.3,62.3,1190.7
843,-326.1,-1518.3,33,30,133,16.5,226.9,39.1,28.4,18.7,59,2,0,9,83.5,81.1,0.0
844,1589.4,-579.9,22,10,115,2.7,351.8,15.8,17.5,35.5,73,5,2,23,52.1,63.7,0.0
845,1389.4,-1404.5,37,30,165,7.2,199.3,26.8,17.6,35.9,65,4,2,12,89.2,31.8,0.0
846,1151.3,1347.8,1,19,158,27.7,44.6,10.3,38.3,14.6,12,1,0,31,43.0,64.8,3069.7
847,-647.7,-587.4,12,27,326,3.0,288.3,9.7,16.4,19.6,60,0,0,38,37.5,56.6,934.3
848,233.9,629.3,38,39,144,22.4,234.8,14.1,11.3,29.8,92,0,0,18,43.6,61.4,0.0
849,1354.1,-1499.1,14,17,337,20.2,246.7,23.1,20.6,38.8,30,3,0,0,90.0,50.1,39.8
850,561.9,-477.0,33,45,91,12.5,41.2,7.2,21.0,37.2,5,5,2,15,55.6,66.5,0.0
851,-1216.2,164.8,24,17,119,2.6,199.2,4.1,26.4,37.0,5,3,2,13,43.4,72.0,0.0
852,-1241.0,349.3,3,2,155,12.6,113.6,12.0,31.6,26.7,18,3,2,13,97.0,63.9,3419.5
853,1216.5,827.5,21,38,38,3.0,216.0,37.9,32.7,4.2,97,3,0,7,89.3,34.8,0.0
854,-1767.7,-1677.0,38,4,132,29.5,351.2,9.3,21.8,31.3,7,3,0,13,31.7,86.6,0.0
855,599.5,-428.7,24,16,292,16.6,177.5,20.5,24.2,39.2,91,2,0,36,50.8,60.1,0.0
856,-340.5,22.5,1,8,283,21.7,122.2,18.2,15.8,17.6,20,1,0,0,59.9,91.5,0.2
857,-541.9,-1668.1,36,38,307,2.7,26.1,22.3,25.8,33.7,40,5,2,5,99.6,97.6,0.0
858,1221.6,-1518.9,19,39,88,21.9,210.1,15.6,34.2,17.0,98,5,2,25,92.3,98.0,0.0
859,-1667.0,-1751.3,23,31,356,30.3,315.3,38.9,25.6,38.4,11,1,0,32,73.5,70.9,0.0
860,-1583.5,-437.0,32,19,255,30.3,148.8,34.4,20.2,8.8,27,1,0,12,75.1,75.1,0.0
861,-1874.7,-1853.5,7,41,346,9.3,5.5,11.0,31.8,6.9,99,4,2,2,88.0,62.9,22.9
862,-409.1,1716.1,33,39,80,13.0,189.9,20.4,32.6,12.8,66,4,0,26,32.9,84.0,0.0
863,138.1,1387.3,9,3,103,26.2,106.1,12.9,3.0,23.9,94,0,0,8,60.4,94.1,592.0
864,1610.0,395.9,28,38,255,7.4,226.7,31.4,39.9,26.6,26,4,2,38,60.8,67.5,0.0
865,-420.3,1068.2,7,45,18,9.5,353.2,38.7,14.4,30.5,32,0,0,0,83.9,48.6,1305.5
866,-1702.3,118.6,36,29,290,0.4,98.2,29.3,15.5,27.3,76,4,0,9,63.5,55.1,0.0
867,1162.6,-1285.8,36,16,5,5.6,232.7,6.4,30.8,2.9,98,4,2,2,96.7,37.1,0.0
868,-1407.2,-422.8,19,15,111,30.0,201.6,14.8,32.4,25.8,62,5,0,13,31.5,84.6,0.0
869,1889.3,-535.7,23,32,312,0.9,295.1,18.6,36.5,10.4,45,5,2,21,36.3,87.2,0.0
870,-635.2,-1007.6,6,36,216,21.8,280.1,39.1,32.3,7.0,75,0,0,11,68.9,55.5,0.2
871,1642.3,-1182.4,40,38,33,18.9,205.7,30.9,17.3,28.9,91,2,0,31,82.0,30.7,0.0
872,-1558.4,1008.8,20,7,189,9.2,325.0,30.7,15.8,10.3,12,4,0,7,35.0,89.6,0.0
873,-1888.2,-1325.1,33,4,83,23.0,231.8,17.1,15.0,32.6,59,0,0,3,39.0,98.9,0.0
874,1390.7,-1158.3,36,40,260,19.9,270.2,3.9,10.2,24.8,98,0,0,16,89.9,31.1,0.0
875,-115.1,-368.3,27,40,351,30.1,92.9,25.9,27.0,12.4,60,2,0,23,69.3,75.2,0.0
876,-312.6,1764.8,39,26,247,12.5,9.4,8.4,16.7,27.2,19,4,2,1,49.9,48.3,0.0
877,1468.1,1116.9,38,33,14,4.1,350.9,28.2,37.4,22.6,80,5,0,28,83.4,62.9,0.0
878,1272.9,-564.5,30,30,146,22.0,173.0,10.0,28.8,14.3,63,3,0,27,55.5,68.0,0.0
879,43.5,-1423.7,37,42,18,3.7,38.1,37.3,22.0,12.2,86,1,0,9,54.0,67.7,0.0
880,522.7,-782.5,14,2,317,14.5,285.8,10.6,38.5,7.1,63,3,1,39,83.4,50.7,637.4
881,743.8,1213.8,21,6,97,11.2,317.5,31.1,35.8,26.5,23,5,2,36,63.1,46.3,0.0
882,971.5,33.1,15,40,58,9.0,90.6,25.3,35.0,25.7,78,5,0,20,72.6,52.1,0.2
883,-690.3,-982.8,38,13,105,28.3,250.6,38.5,5.8,30.5,64,2,1,9,66.1,37.8,0.0
884,-1002.1,-1172.6,5,1,147,5.8,240.1,35.2,14.2,31.9,17,1,0,30,59.9,67.3,0.2
885,-1798.3,-1749.1,30,19,330,4.1,37.9,25.9,3.7,5.8,21,4,2,30,61.1,88.2,0.0
886,331.3,-902.3,28,23,289,14.1,168.7,28.1,17.7,8.8,47,5,1,11,59.2,79.8,0.0
887,-147.1,-445.8,18,14,134,7.3,295.2,13.3,16.7,26.9,20,4,0,6,57.0,31.6,0.0
888,-1686.5,-617.2,7,14,163,2.3,30.1,27.8,21.6,7.6,71,2,1,37,64.3,87.4,1178.7
889,-876.4,-1386.1,13,16,291,13.5,257.1,23.8,21.7,37.9,24,5,2,12,46.3,32.1,214.6
890,907.6,-311.1,10,0,85,10.5,163.6,28.7,34.9,8.0,76,0,0,32,56.3,97.2,0.2
891,-1532.8,1309.0,21,39,139,14.3,100.0,13.5,18.6,18.8,76,1,0,40,49.7,37.6,0.0
892,1451.1,-1185.9,32,43,122,7.9,18.0,27.9,32.1,18.6,20,4,0,38,41.2,70.6,0.0
893,95.3,-1914.8,37,28,66,24.7,273.0,6.0,17.0,34.2,52,0,0,34,66.3,65.6,0.0
894,-1229.5,781.0,21,26,55,30.1,86.3,31.6,15.9,13.1,63,3,2,27,44.0,46.8,0.0
895,-432.0,-1498.2,25,31,1,19.7,177.3,16.3,37.6,30.6,82,2,0,9,32.1,89.9,0.0
896,-696.9,969.7,23,8,136,19.3,145.2,24.5,16.2,22.5,73,0,0,17,61.2,56.7,0.0
897,934.0,207.7,24,14,35,30.3,296.9,9.3,23.4,39.5,84,0,0,17,64.4,51.9,0.0
898,295.2,-1380.7,7,1,179,13.6,160.5,16.3,23.0,21.0,53,4,0,8,76.9,51.8,3412.9
899,109.6,1131.4,28,12,184,17.9,322.2,7.5,16.5,2.0,20,1,0,25,88.4,55.2,0.0
900,116.8,485.4,12,3,277,21.5,18.4,20.4,17.0,29.2,38,4,0,23,57.7,58.2,0.2
901,-1263.2,-816.8,39,42,199,0.2,46.0,22.8,24.4,8.0,31,3,2,14,87.4,33.7,0.0
902,266.6,-714.1,23,28,312,25.4,280.3,14.2,10.3,18.3,37,4,0,38,53.2,37.8,0.0
903,-1342.3,491.0,13,17,81,22.6,279.5,10.7,10.7,12.0,62,4,0,14,88.2,40.9,3047.2
904,-119.2,-1187.3,17,13,237,28.0,244.4,14.9,22.9,32.4,85,5,2,20,75.6,64.1,0.0
905,-325.3,-8.1,30,37,325,3.2,38.9,29.6,24.8,10.3,88,5,1,16,96.9,57.3,0.0
906,377.9,195.6,4,6,360,18.2,271.3,7.8,27.0,16.6,89,3,2,18,64.8,87.0,2032.7
907,1623.7,-611.3,15,0,33,19.1,38.1,14.3,6.4,36.2,21,0,0,34,41.8,48.8,337.2
908,-1878.2,-1465.8,40,26,187,16.9,220.0,10.5,5.2,17.5,0,3,0,14,32.4,57.4,0.0
909,100.6,1025.8,13,6,9,14.0,221.3,3.3,32.7,19.7,33,2,1,19,78.4,42.5,3183.4
910,1761.9,-466.9,1,21,43,13.4,109.6,12.0,7.6,26.0,29,3,0,37,54.8,90.9,0.2
911,-48.5,1173.5,7,40,138,18.9,315.5,2.6,22.9,10.3,32,1,0,29,35.8,56.8,1499.6
912,-978.9,-192.3,18,45,109,17.0,227.9,30.1,26.2,15.7,14,4,1,4,75.2,98.1,0.0
913,-562.8,-764.1,11,37,151,9.3,121.1,37.3,33.8,10.6,4,2,1,37,83.9,50.8,0.2
914,-1542.7,-698.5,23,25,232,14.8,274.8,10.1,33.1,13.8,19,4,0,27,43.6,51.4,0.0
915,1217.1,-1292.7,26,28,131,14.5,266.5,38.2,36.4,27.3,84,0,0,33,53.3,52.1,0.0
916,92.1,1892.3,37,33,49,8.2,205.0,39.6,9.1,23.6,57,2,0,5,38.1,31.8,0.0
917,-1728.4,-941.3,8,8,89,25.4,3.1,36.2,26.1,22.3,87,3,2,31,73.3,87.2,0.2
918,952.7,1191.5,3,36,339,9.9,344.3,6.5,28.9,15.9,34,3,2,17,56.0,65.7,3419.5
919,1305.6,622.2,29,27,207,9.9,188.6,15.1,38.4,25.4,72,2,1,21,40.3,30.0,0.0
920,-1374.0,807.2,40,38,212,25.4,39.5,21.3,36.5,10.6,19,1,0,17,48.2,55.5,0.0
921,-1868.0,1061.0,3,36,26,3.6,35.4,14.5,3.4,39.3,75,4,2,25,75.8,43.7,3419.5
922,-1908.4,300.7,23,4,323,26.8,9.4,27.6,13.1,9.4,2,0,0,22,72.1,52.9,0.0
923,-1590.7,-1482.0,13,35,183,15.0,231.3,35.8,10.6,22.5,29,0,0,18,55.9,50.9,0.2
924,-1764.1,1473.1,34,31,100,4.3,287.0,25.9,23.2,20.8,70,2,1,33,88.6,72.6,0.0
925,-186.0,-233.1,13,8,82,28.2,341.6,8.9,9.5,3.0,54,2,0,7,61.1,61.8,2070.0
926,371.2,-385.2,2,10,21,17.2,17.1,15.4,5.1,10.0,11,2,0,29,58.8,74.7,544.6
927,1898.3,1031.9,15,19,300,8.3,259.3,13.3,23.6,6.8,88,0,0,8,51.1,75.9,0.0
928,1525.4,700.9,6,10,227,11.1,216.5,35.8,35.8,33.6,23,5,1,10,57.4,81.6,0.2
929,-1245.2,-1132.2,35,5,196,4.5,352.5,14.4,19.6,28.8,45,1,0,30,59.2,95.7,0.0
930,81.0,97.4,4,16,199,9.1,351.0,18.8,7.7,37.9,69,4,2,8,50.3,83.3,1881.2
931,-1559.9,880.1,37,7,127,12.4,48.0,15.8,37.7,33.7,6,1,0,11,83.0,35.9,0.0
932,-1042.9,382.1,36,25,213,15.6,67.7,12.7,24.9,36.0,62,4,2,15,91.7,49.9,0.0
933,-433.2,-598.6,7,3,89,5.5,127.4,38.5,4.6,36.2,17,3,2,27,35.6,70.6,362.5
934,326.1,-1860.0,26,37,138,22.7,143.1,30.1,4.8,31.4,32,1,0,3,89.8,96.4,0.0
935,698.5,-286.0,36,7,14,6.3,47.6,3.6,18.1,3.7,53,4,0,2,99.8,59.0,0.0
936,870.6,433.0,24,43,268,0.4,286.1,24.9,3.7,34.8,35,4,0,21,30.9,33.2,0.0
937,-388.7,1472.0,19,21,194,17.6,75.1,15.5,36.6,27.2,43,3,2,7,36.9,43.2,0.0
938,238.2,1402.1,25,5,13,4.7,141.1,5.2,9.9,6.9,70,2,1,0,32.8,72.0,0.0
939,-1309.3,1355.8,23,34,237,1.7,200.5,20.4,27.0,14.4,45,1,0,38,39.8,74.7,0.0
940,-991.1,-544.4,3,7,78,26.9,25.7,4.2,14.6,4.0,47,1,0,3,67.4,52.3,3419.5
941,1318.8,-355.1,14,7,247,4.3,259.1,25.4,8.7,31.2,66,0,0,20,84.1,91.3,0.2
942,468.9,1638.0,36,43,19,12.4,44.1,19.0,24.3,24.8,13,0,0,25,65.6,57.8,0.0
943,623.4,764.4,32,14,209,16.6,53.6,20.1,11.8,35.3,80,2,0,0,69.9,74.3,0.0
944,19.8,-698.4,13,35,278,0.1,153.1,10.2,9.5,14.6,3,5,0,3,92.4,37.8,1289.7
945,-750.6,465.6,5,40,111,26.6,179.1,38.6,22.6,24.8,41,5,2,11,58.2,48.0,0.2
946,-606.8,940.9,16,17,84,4.5,47.0,26.8,32.1,7.6,60,3,1,4,56.9,92.7,0.0
947,-654.6,123.4,10,18,135,17.7,296.7,10.0,25.0,26.3,20,0,0,29,71.7,52.7,1192.3
948,446.0,1193.6,18,39,271,29.3,167.7,34.3,19.2,3.3,63,0,0,37,63.5,34.5,0.0
949,1708.8,-1394.2,20,11,295,27.9,103.4,34.6,15.3,2.9,45,0,0,1,98.9,71.2,0.0
950,1693.9,-1246.3,28,5,187,18.7,54.7,33.4,28.5,37.2,98,5,1,7,96.6,75.3,0.0
951,403.8,1362.1,35,33,354,1.8,355.8,8.1,35.9,15.6,5,1,0,27,75.4,70.2,0.0
952,9.2,1391.2,15,7,276,24.6,74.5,6.6,35.7,31.3,77,1,0,6,90.2,79.9,1991.1
953,56.6,-982.5,7,32,43,7.0,5.3,24.7,4.5,30.3,11,1,0,4,81.9,37.8,1504.9
954,-449.1,-1750.4,21,5,137,1.1,155.4,23.4,25.3,39.3,63,0,0,31,71.8,73.5,0.0
955,-259.8,-462.2,22,45,247,24.7,155.9,13.1,23.9,24.8,1,2,0,18,82.7,82.6,0.0
956,1683.5,1457.2,12,0,52,17.4,350.9,12.3,27.4,18.0,2,5,2,19,35.7,97.9,586.7
957,-434.7,1177.8,18,4,90,23.4,216.4,27.0,23.4,26.3,63,2,0,7,45.0,33.8,0.0
958,1060.6,280.1,34,43,320,25.0,295.2,34.6,20.2,27.7,44,1,0,8,31.9,41.9,0.0
959,56.8,1828.9,11,5,336,4.8,218.9,38.4,10.8,24.0,87,4,0,21,57.9,71.5,0.2
960,1508.3,230.7,38,30,217,28.2,244.9,8.8,18.8,24.3,2,1,0,7,73.5,48.5,0.0
961,16.3,-1235.4,25,12,46,2.8,164.0,19.3,10.9,21.1,43,1,0,35,59.7,77.6,0.0
962,686.0,358.4,24,11,235,16.3,142.2,24.5,12.1,3.4,25,1,0,10,58.5,49.7,0.0
963,336.8,611.9,35,11,209,5.3,144.2,2.2,13.3,39.7,94,4,0,19,44.9,67.7,0.0
964,-368.8,1909.2,37,25,200,5.6,21.7,26.9,35.5,7.2,75,4,0,12,74.0,42.6,0.0
965,949.5,79.8,19,16,49,25.7,39.4,31.5,21.8,35.5,97,2,1,4,54.6,50.9,0.0
966,-1878.0,-1119.4,30,29,235,18.3,107.9,32.4,14.9,21.4,20,4,0,8,32.0,81.6,0.0
967,1440.3,1078.3,21,39,347,13.3,16.5,14.6,10.0,15.2,57,1,0,5,61.6,52.6,0.0
968,1686.5,-639.7,18,4,74,10.4,272.0,34.3,10.9,4.2,55,0,0,19,62.3,49.1,0.0
969,1692.1,620.8,34,33,322,29.7,190.2,10.3,5.3,6.9,95,4,0,18,92.9,81.1,0.0
970,194.7,1827.3,19,6,92,16.1,168.5,26.7,9.0,21.2,60,2,1,40,89.1,42.8,0.0
971,340.9,-585.6,29,17,6,28.2,358.5,5.4,38.4,9.6,20,2,1,40,70.7,41.7,0.0
972,-1573.7,1364.5,16,6,109,8.9,85.3,29.9,4.9,5.7,58,3,2,40,83.0,84.0,0.0
973,1521.3,1754.5,26,17,340,23.0,326.6,36.6,39.0,6.5,57,2,1,4,85.5,65.3,0.0
974,-852.2,885.8,32,43,333,22.8,69.8,33.0,30.1,21.7,1,0,0,21,96.7,50.6,0.0
975,-1307.8,-665.0,20,42,24,28.3,244.5,38.4,11.5,33.9,19,0,0,17,54.4,47.8,0.0
976,302.5,850.8,16,39,207,9.3,128.5,32.4,17.2,32.5,86,1,0,25,35.7,49.1,0.0
977,-1267.9,378.1,20,28,237,0.0,27.6,30.8,8.0,20.4,0,4,1,11,32.9,52.1,0.0
978,889.9,-408.7,2,1,251,10.7,147.6,5.9,35.8,6.0,34,1,0,9,47.1,48.2,3306.3
979,-1626.0,199.2,11,13,328,1.1,279.7,15.5,15.8,39.1,94,0,0,37,41.3,32.8,0.2
980,614.3,-988.3,36,22,87,17.7,185.8,6.3,6.6,5.5,13,3,0,36,77.7,64.4,0.0
981,1515.6,-775.5,8,43,193,6.5,167.8,18.7,9.4,7.7,52,3,1,0,30.4,94.3,104.7
982,-1229.8,-935.5,12,43,286,27.2,156.3,33.7,23.9,27.0,87,2,0,19,60.0,72.3,0.2
983,-1558.6,-1279.3,32,28,273,12.2,314.7,26.6,15.1,25.7,79,3,0,11,99.4,89.0,0.0
984,-1237.7,-677.5,19,0,98,16.8,337.1,32.4,16.8,38.7,26,4,2,25,65.5,76.9,0.0
985,-707.7,-1470.1,8,31,259,27.8,153.1,9.5,5.3,19.9,51,4,2,33,41.7,52.0,221.9
986,1620.0,-1440.3,13,18,17,4.1,228.1,12.7,23.1,5.4,91,3,2,19,47.8,62.5,388.7
987,629.8,66.1,31,26,27,5.3,150.8,17.9,4.2,11.3,34,1,0,35,32.2,99.2,0.0
988,170.2,-1832.0,15,31,340,25.2,103.6,12.3,27.7,24.1,24,5,0,36,45.2,64.5,327.1
989,-1270.4,1265.1,19,34,282,27.7,241.2,29.0,24.9,17.7,13,1,0,2,60.2,40.7,0.0
990,1181.1,-1219.9,26,16,160,12.0,139.8,28.2,16.9,24.8,29,4,1,33,35.1,55.6,0.0
991,826.3,-829.8,18,4,284,13.6,185.4,20.2,18.2,21.1,53,3,0,39,71.1,55.3,0.0
992,-601.1,1335.3,24,0,225,19.0,16.2,22.0,12.5,22.9,76,5,0,32,31.6,87.7,0.0
993,1914.9,216.1,6,32,241,1.9,197.2,19.2,20.4,14.2,37,3,2,32,65.8,56.4,0.0
994,-89.9,-1141.1,5,36,120,26.6,17.5,26.0,32.5,4.1,67,2,1,19,77.5,77.8,0.2
995,1557.0,-1004.1,8,11,29,10.3,21.4,23.5,20.8,27.2,77,2,1,33,95.8,66.3,14.0
996,-25.7,-259.0,35,2,309,7.2,175.7,22.3,35.7,17.8,96,1,0,19,64.4,77.7,0.0
997,931.9,1905.1,40,9,355,8.7,85.7,19.5,25.8,39.3,6,5,1,20,69.4,89.5,0.0
998,904.3,550.0,20,40,164,17.9,293.7,3.2,26.9,36.0,30,1,0,40,40.9,41.6,0.0
999,387.4,1411.5,32,14,336,23.8,282.6,24.5,27.4,24.4,99,3,0,12,36.1,33.6,0.0
1000,747.2,482.0,6,42,27,19.3,353.0,33.1,38.1,7.9,38,1,0,34,30.4,76.4,0.2
1001,-557.2,1693.2,9,16,333,18.1,174.2,10.2,14.2,31.4,76,2,1,1,41.3,48.1,119.6
1002,-995.7,1532.2,35,3,226,24.4,317.7,6.5,14.9,13.2,96,3,0,32,77.4,96.8,0.0
1003,831.2,-865.9,29,33,22,10.7,218.6,5.6,38.8,30.5,59,4,0,9,61.3,50.8,0.0
1004,-115.6,-390.9,23,27,346,3.0,191.1,15.7,4.4,39.8,13,4,0,21,42.4,89.4,0.0
1005,-1396.8,308.6,38,0,339,6.4,140.7,38.8,37.2,9.6,56,4,1,5,98.8,71.1,0.0
1006,104.2,239.6,9,44,245,6.6,3.4,24.8,36.2,2.5,0,1,0,28,43.9,50.0,0.2
1007,215.8,-886.4,21,14,204,16.7,221.8,32.2,6.2,28.1,30,4,2,33,31.5,48.1,0.0
1008,1683.0,-845.8,32,16,185,22.6,181.0,25.0,36.1,14.3,8,2,0,0,51.5,94.6,0.0
1009,1192.4,1642.3,3,20,27,18.4,196.0,34.3,8.0,31.6,11,4,1,13,55.8,79.8,0.2
1010,-698.3,745.2,29,7,123,7.5,272.7,3.1,32.4,25.7,59,2,1,31,63.8,94.5,0.0
1011,248.3,1886.3,13,22,241,5.6,256.5,32.2,2.1,27.0,2,4,2,1,94.1,85.6,0.0
1012,-846.6,-1561.3,21,14,342,0.4,29.8,27.4,9.1,35.5,14,2,0,24,98.7,86.9,0.0
1013,1272.5,-1267.2,14,6,65,9.8,282.2,31.8,10.4,32.7,4,0,0,25,71.9,57.3,0.2
1014,-127.2,-376.1,33,12,33,27.8,110.4,22.5,35.0,26.5,23,3,1,9,63.3,57.9,0.0
1015,-893.3,-304.7,9,40,143,24.7,30.0,30.2,22.8,18.8,86,4,1,39,41.0,31.7,0.2
1016,1250.8,-401.8,30,29,115,14.4,11.2,9.3,22.6,26.3,58,1,0,13,63.3,49.0,0.0
1017,-111.5,-811.5,6,24,2,11.0,149.4,4.7,26.5,25.2,15,1,0,25,85.1,81.4,2786.6
1018,1694.4,1618.7,11,31,313,6.7,182.9,24.9,27.7,22.6,20,2,1,40,58.7,32.7,0.2
1019,1417.7,-859.4,2,4,349,1.3,44.4,9.3,31.7,3.6,21,4,2,10,51.7,53.3,1541.9
1020,-1248.5,-1910.8,23,26,281,28.6,162.8,28.3,14.4,20.3,47,2,0,38,74.9,33.5,0.0
1021,99.1,-806.6,26,25,264,25.4,121.8,34.3,27.4,10.9,87,2,0,1,99.2,82.3,0.0
1022,764.0,-197.1,27,3,11,22.0,52.0,26.8,2.7,14.0,90,2,1,31,50.0,91.4,0.0
